2138865262239785776,November 1, 2015,Vanessa,Stacy,8464,Lincoln,Spring Field,New Cicily,Spicy MEAT,CHEESE,PEPPERONI,SAUSAGE,BACON,JALAPENOS,JALAPENOS
2138865262239785776,November 1, 2015,Vanessa,Stacy,8464,Lincoln,Spring Field,New Cicily,MEAT,CHEESE,PEPPERONI,SAUSAGE,BACON
2138865262239785776,November 1, 2015,Vanessa,Stacy,8464,Lincoln,Spring Field,New Cicily,Funky Medina,CHEESE,EXTRA_CHEESE,MUSHROOMS,ONIONS,SAUSAGE,BLACK_OLIVES,SARDINES
2138865262239785777,November 1, 2015,Vanessa,Eddie,4012,Navajo,Spring Field,New Cicily,Funky Medina,CHEESE,EXTRA_CHEESE,MUSHROOMS,ONIONS,SAUSAGE,BLACK_OLIVES,SARDINES
2138865262239785777,November 1, 2015,Vanessa,Eddie,4012,Navajo,Spring Field,New Cicily,Spicy MEAT,CHEESE,PEPPERONI,SAUSAGE,BACON,JALAPENOS,JALAPENOS
2138865262239785778,November 1, 2015,Tommy,Tony,3148,Navajo,Spring Field,New Cicily,MEAT,CHEESE,PEPPERONI,SAUSAGE,BACON
2138865262239785778,November 1, 2015,Tommy,Tony,3148,Navajo,Spring Field,New Cicily,Spicy MEAT,CHEESE,PEPPERONI,SAUSAGE,BACON,JALAPENOS,JALAPENOS
2138865262239785779,November 1, 2015,Gabriela,Tyler,26746,Tenth,Spring Field,New Cicily,MEAT,CHEESE,PEPPERONI,SAUSAGE,BACON
2138865262239785780,November 1, 2015,Suzanne,Patricia,7403,Lakeview,Spring Field,New Cicily,Spicy MEAT,CHEESE,PEPPERONI,SAUSAGE,BACON,JALAPENOS,JALAPENOS
2138865262239785781,November 1, 2015,Suzanne,Hector,23714,Ridge,Spring Field,New Cicily,Funky Medina,CHEESE,EXTRA_CHEESE,MUSHROOMS,ONIONS,SAUSAGE,BLACK_OLIVES,SARDINES
2138865262239785781,November 1, 2015,Suzanne,Hector,23714,Ridge,Spring Field,New Cicily,MEAT,CHEESE,PEPPERONI,SAUSAGE,BACON
2138865262239785781,November 1, 2015,Suzanne,Hector,23714,Ridge,Spring Field,New Cicily,MEAT,CHEESE,PEPPERONI,SAUSAGE,BACON
2138865262239785782,November 1, 2015,Vanessa,Savannah,273,Willow,Spring Field,New Cicily,Big Green,ONIONS,BLACK_OLIVES,GREEN_PEPPERS,SPINACH,JALAPENOS,SARDINES
2138865262239785782,November 1, 2015,Vanessa,Savannah,273,Willow,Spring Field,New Cicily,MEAT,CHEESE,PEPPERONI,SAUSAGE,BACON
2138865262239785783,November 1, 2015,Maureen,Sherry,8522,Mesquite,Spring Field,New Cicily,Big Green,ONIONS,BLACK_OLIVES,GREEN_PEPPERS,SPINACH,JALAPENOS,SARDINES
2138865262239785783,November 1, 2015,Maureen,Sherry,8522,Mesquite,Spring Field,New Cicily,Stinky,CHEESE,ONIONS,EXTRA_CHEESE,GREEN_PEPPERS,JALAPENOS,SAUSAGE
2138865262239785784,November 1, 2015,Suzanne,Calvin,20406,Lakeview,Spring Field,New Cicily,MEAT,CHEESE,PEPPERONI,SAUSAGE,BACON
2138865262239785784,November 1, 2015,Suzanne,Calvin,20406,Lakeview,Spring Field,New Cicily,Spicy MEAT,CHEESE,PEPPERONI,SAUSAGE,BACON,JALAPENOS,JALAPENOS
2138865262239785784,November 1, 2015,Suzanne,Calvin,20406,Lakeview,Spring Field,New Cicily,MEAT,CHEESE,PEPPERONI,SAUSAGE,BACON
2138865262239785784,November 1, 2015,Suzanne,Calvin,20406,Lakeview,Spring Field,New Cicily,Spicy MEAT,CHEESE,PEPPERONI,SAUSAGE,BACON,JALAPENOS,JALAPENOS
2138865262239785785,November 1, 2015,Gabriela,Earl,13811,Narragansett,Spring Field,New Cicily,MEAT,CHEESE,PEPPERONI,SAUSAGE,BACON
2138865262239785785,November 1, 2015,Gabriela,Earl,13811,Narragansett,Spring Field,New Cicily,Stinky,CHEESE,ONIONS,EXTRA_CHEESE,GREEN_PEPPERS,JALAPENOS,SAUSAGE
2138865262239785785,November 1, 2015,Gabriela,Earl,13811,Narragansett,Spring Field,New Cicily,Spicy MEAT,CHEESE,PEPPERONI,SAUSAGE,BACON,JALAPENOS,JALAPENOS
2138865262239785786,November 1, 2015,Suzanne,Allan,27000,Hickory,Spring Field,New Cicily,Funky Medina,CHEESE,EXTRA_CHEESE,MUSHROOMS,ONIONS,SAUSAGE,BLACK_OLIVES,SARDINES
2138865262239785786,November 1, 2015,Suzanne,Allan,27000,Hickory,Spring Field,New Cicily,Big Green,ONIONS,BLACK_OLIVES,GREEN_PEPPERS,SPINACH,JALAPENOS,SARDINES
2138865262239785787,November 1, 2015,Anthony,Lorraine,27598,Sixth,Spring Field,New Cicily,Funky Medina,CHEESE,EXTRA_CHEESE,MUSHROOMS,ONIONS,SAUSAGE,BLACK_OLIVES,SARDINES
2138865262239785787,November 1, 2015,Anthony,Lorraine,27598,Sixth,Spring Field,New Cicily,Funky Medina,CHEESE,EXTRA_CHEESE,MUSHROOMS,ONIONS,SAUSAGE,BLACK_OLIVES,SARDINES
2138865262239785787,November 1, 2015,Anthony,Lorraine,27598,Sixth,Spring Field,New Cicily,Spicy MEAT,CHEESE,PEPPERONI,SAUSAGE,BACON,JALAPENOS,JALAPENOS
2138865262239785787,November 1, 2015,Anthony,Lorraine,27598,Sixth,Spring Field,New Cicily,MEAT,CHEESE,PEPPERONI,SAUSAGE,BACON
2138865262239785788,November 1, 2015,Ann,Marilyn,5329,Fourth,Spring Field,New Cicily,Stinky,CHEESE,ONIONS,EXTRA_CHEESE,GREEN_PEPPERS,JALAPENOS,SAUSAGE
2138865262239785788,November 1, 2015,Ann,Marilyn,5329,Fourth,Spring Field,New Cicily,MEAT,CHEESE,PEPPERONI,SAUSAGE,BACON
2138865262239785789,November 1, 2015,Ann,Monique,27505,Thirteenth,Spring Field,New Cicily,MEAT,CHEESE,PEPPERONI,SAUSAGE,BACON
2138865262239785789,November 1, 2015,Ann,Monique,27505,Thirteenth,Spring Field,New Cicily,MEAT,CHEESE,PEPPERONI,SAUSAGE,BACON
2138865262239785790,November 1, 2015,Suzanne,Andre,25547,N 400,Spring Field,New Cicily,Funky Medina,CHEESE,EXTRA_CHEESE,MUSHROOMS,ONIONS,SAUSAGE,BLACK_OLIVES,SARDINES
2138865262239785790,November 1, 2015,Suzanne,Andre,25547,N 400,Spring Field,New Cicily,MEAT,CHEESE,PEPPERONI,SAUSAGE,BACON
2138865262239785790,November 1, 2015,Suzanne,Andre,25547,N 400,Spring Field,New Cicily,Stinky,CHEESE,ONIONS,EXTRA_CHEESE,GREEN_PEPPERS,JALAPENOS,SAUSAGE
2138865262239785790,November 1, 2015,Suzanne,Andre,25547,N 400,Spring Field,New Cicily,MEAT,CHEESE,PEPPERONI,SAUSAGE,BACON
2138865262239785791,November 1, 2015,Suzanne,Jamie,1800,Kukui,Spring Field,New Cicily,Funky Medina,CHEESE,EXTRA_CHEESE,MUSHROOMS,ONIONS,SAUSAGE,BLACK_OLIVES,SARDINES
2138865262239785791,November 1, 2015,Suzanne,Jamie,1800,Kukui,Spring Field,New Cicily,Spicy MEAT,CHEESE,PEPPERONI,SAUSAGE,BACON,JALAPENOS,JALAPENOS
2138865262239785792,November 1, 2015,Suzanne,Anita,4584,Evergreen,Spring Field,New Cicily,Funky Medina,CHEESE,EXTRA_CHEESE,MUSHROOMS,ONIONS,SAUSAGE,BLACK_OLIVES,SARDINES
2138865262239785793,November 1, 2015,Suzanne,Michelle,16570,Cypress,Spring Field,New Cicily,MEAT,CHEESE,PEPPERONI,SAUSAGE,BACON
2138865262239785793,November 1, 2015,Suzanne,Michelle,16570,Cypress,Spring Field,New Cicily,Spicy MEAT,CHEESE,PEPPERONI,SAUSAGE,BACON,JALAPENOS,JALAPENOS
2138865262239785793,November 1, 2015,Suzanne,Michelle,16570,Cypress,Spring Field,New Cicily,MEAT,CHEESE,PEPPERONI,SAUSAGE,BACON
2138865262239785794,November 1, 2015,Tommy,Eva,23926,Wood,Spring Field,New Cicily,MEAT,CHEESE,PEPPERONI,SAUSAGE,BACON
2138865262239785795,November 1, 2015,Gabriela,Ivan,8748,Cypress,Spring Field,New Cicily,Stinky,CHEESE,ONIONS,EXTRA_CHEESE,GREEN_PEPPERS,JALAPENOS,SAUSAGE
2138865262239785796,November 1, 2015,Gabriela,Ronald,23349,Lee,Spring Field,New Cicily,Funky Medina,CHEESE,EXTRA_CHEESE,MUSHROOMS,ONIONS,SAUSAGE,BLACK_OLIVES,SARDINES
2138865262239785796,November 1, 2015,Gabriela,Ronald,23349,Lee,Spring Field,New Cicily,MEAT,CHEESE,PEPPERONI,SAUSAGE,BACON
2138865262239785796,November 1, 2015,Gabriela,Ronald,23349,Lee,Spring Field,New Cicily,MEAT,CHEESE,PEPPERONI,SAUSAGE,BACON
2138865262239785797,November 1, 2015,Anthony,Gordon,16747,Lincoln,Spring Field,New Cicily,Stinky,CHEESE,ONIONS,EXTRA_CHEESE,GREEN_PEPPERS,JALAPENOS,SAUSAGE
2138865262239785798,November 1, 2015,Maureen,Riley,27209,Smith,Spring Field,New Cicily,Big Green,ONIONS,BLACK_OLIVES,GREEN_PEPPERS,SPINACH,JALAPENOS,SARDINES
2138865262239785799,November 1, 2015,Gabriela,Jeffrey,25392,Hillside,Spring Field,New Cicily,Spicy MEAT,CHEESE,PEPPERONI,SAUSAGE,BACON,JALAPENOS,JALAPENOS
2138865262239785799,November 1, 2015,Gabriela,Jeffrey,25392,Hillside,Spring Field,New Cicily,Spicy MEAT,CHEESE,PEPPERONI,SAUSAGE,BACON,JALAPENOS,JALAPENOS
2138865262239785800,November 1, 2015,Ann,Arthur,13931,River,Spring Field,New Cicily,Funky Medina,CHEESE,EXTRA_CHEESE,MUSHROOMS,ONIONS,SAUSAGE,BLACK_OLIVES,SARDINES
2138865262239785800,November 1, 2015,Ann,Arthur,13931,River,Spring Field,New Cicily,Big Green,ONIONS,BLACK_OLIVES,GREEN_PEPPERS,SPINACH,JALAPENOS,SARDINES
2138865262239785801,November 1, 2015,Tommy,Curtis,27824,Mountain View,Spring Field,New Cicily,Funky Medina,CHEESE,EXTRA_CHEESE,MUSHROOMS,ONIONS,SAUSAGE,BLACK_OLIVES,SARDINES
2138865262239785801,November 1, 2015,Tommy,Curtis,27824,Mountain View,Spring Field,New Cicily,Funky Medina,CHEESE,EXTRA_CHEESE,MUSHROOMS,ONIONS,SAUSAGE,BLACK_OLIVES,SARDINES
2138865262239785801,November 1, 2015,Tommy,Curtis,27824,Mountain View,Spring Field,New Cicily,Funky Medina,CHEESE,EXTRA_CHEESE,MUSHROOMS,ONIONS,SAUSAGE,BLACK_OLIVES,SARDINES
2138865262239785802,November 1, 2015,Ann,Jared,14909,Shore,Spring Field,New Cicily,MEAT,CHEESE,PEPPERONI,SAUSAGE,BACON
2138865262239785802,November 1, 2015,Ann,Jared,14909,Shore,Spring Field,New Cicily,Big Green,ONIONS,BLACK_OLIVES,GREEN_PEPPERS,SPINACH,JALAPENOS,SARDINES
2138865262239785803,November 1, 2015,Vanessa,Christine,24180,Elm,Spring Field,New Cicily,Stinky,CHEESE,ONIONS,EXTRA_CHEESE,GREEN_PEPPERS,JALAPENOS,SAUSAGE
2138865262239785803,November 1, 2015,Vanessa,Christine,24180,Elm,Spring Field,New Cicily,Funky Medina,CHEESE,EXTRA_CHEESE,MUSHROOMS,ONIONS,SAUSAGE,BLACK_OLIVES,SARDINES
2138865262239785803,November 1, 2015,Vanessa,Christine,24180,Elm,Spring Field,New Cicily,Big Green,ONIONS,BLACK_OLIVES,GREEN_PEPPERS,SPINACH,JALAPENOS,SARDINES
2138865262239785804,November 1, 2015,Anthony,John,10973,Main,Spring Field,New Cicily,Spicy MEAT,CHEESE,PEPPERONI,SAUSAGE,BACON,JALAPENOS,JALAPENOS
2138865262239785804,November 1, 2015,Anthony,John,10973,Main,Spring Field,New Cicily,Big Green,ONIONS,BLACK_OLIVES,GREEN_PEPPERS,SPINACH,JALAPENOS,SARDINES
2138865262239785804,November 1, 2015,Anthony,John,10973,Main,Spring Field,New Cicily,MEAT,CHEESE,PEPPERONI,SAUSAGE,BACON
2138865262239785804,November 1, 2015,Anthony,John,10973,Main,Spring Field,New Cicily,Funky Medina,CHEESE,EXTRA_CHEESE,MUSHROOMS,ONIONS,SAUSAGE,BLACK_OLIVES,SARDINES
2138865262239785805,November 1, 2015,Anthony,Candice,12966,Johnson,Spring Field,New Cicily,Big Green,ONIONS,BLACK_OLIVES,GREEN_PEPPERS,SPINACH,JALAPENOS,SARDINES
2138865262239785805,November 1, 2015,Anthony,Candice,12966,Johnson,Spring Field,New Cicily,Big Green,ONIONS,BLACK_OLIVES,GREEN_PEPPERS,SPINACH,JALAPENOS,SARDINES
2138865262239785806,November 1, 2015,Ann,Nancy,22235,Laurel,Spring Field,New Cicily,Big Green,ONIONS,BLACK_OLIVES,GREEN_PEPPERS,SPINACH,JALAPENOS,SARDINES
2138865262239785806,November 1, 2015,Ann,Nancy,22235,Laurel,Spring Field,New Cicily,Stinky,CHEESE,ONIONS,EXTRA_CHEESE,GREEN_PEPPERS,JALAPENOS,SAUSAGE
2138865262239785806,November 1, 2015,Ann,Nancy,22235,Laurel,Spring Field,New Cicily,Funky Medina,CHEESE,EXTRA_CHEESE,MUSHROOMS,ONIONS,SAUSAGE,BLACK_OLIVES,SARDINES
2138865262239785806,November 1, 2015,Ann,Nancy,22235,Laurel,Spring Field,New Cicily,Stinky,CHEESE,ONIONS,EXTRA_CHEESE,GREEN_PEPPERS,JALAPENOS,SAUSAGE
2138865262239785807,November 1, 2015,Maureen,Pauline,28736,Second,Spring Field,New Cicily,Spicy MEAT,CHEESE,PEPPERONI,SAUSAGE,BACON,JALAPENOS,JALAPENOS
2138865262239785807,November 1, 2015,Maureen,Pauline,28736,Second,Spring Field,New Cicily,Funky Medina,CHEESE,EXTRA_CHEESE,MUSHROOMS,ONIONS,SAUSAGE,BLACK_OLIVES,SARDINES
2138865262239785807,November 1, 2015,Maureen,Pauline,28736,Second,Spring Field,New Cicily,Funky Medina,CHEESE,EXTRA_CHEESE,MUSHROOMS,ONIONS,SAUSAGE,BLACK_OLIVES,SARDINES
2138865262239785808,November 1, 2015,Anthony,Michael,10307,Hickory,Spring Field,New Cicily,Stinky,CHEESE,ONIONS,EXTRA_CHEESE,GREEN_PEPPERS,JALAPENOS,SAUSAGE
2138865262239785808,November 1, 2015,Anthony,Michael,10307,Hickory,Spring Field,New Cicily,Spicy MEAT,CHEESE,PEPPERONI,SAUSAGE,BACON,JALAPENOS,JALAPENOS
2138865262239785808,November 1, 2015,Anthony,Michael,10307,Hickory,Spring Field,New Cicily,Spicy MEAT,CHEESE,PEPPERONI,SAUSAGE,BACON,JALAPENOS,JALAPENOS
2138865262239785808,November 1, 2015,Anthony,Michael,10307,Hickory,Spring Field,New Cicily,Stinky,CHEESE,ONIONS,EXTRA_CHEESE,GREEN_PEPPERS,JALAPENOS,SAUSAGE
2138865262239785809,November 1, 2015,Ann,Carl,17443,Mountain View,Spring Field,New Cicily,MEAT,CHEESE,PEPPERONI,SAUSAGE,BACON
2138865262239785810,November 1, 2015,Gabriela,Marie,20726,County Line,Spring Field,New Cicily,Stinky,CHEESE,ONIONS,EXTRA_CHEESE,GREEN_PEPPERS,JALAPENOS,SAUSAGE
2138865262239785811,November 1, 2015,Ann,Krystal,6566,Shore,Spring Field,New Cicily,Funky Medina,CHEESE,EXTRA_CHEESE,MUSHROOMS,ONIONS,SAUSAGE,BLACK_OLIVES,SARDINES
2138865262239785811,November 1, 2015,Ann,Krystal,6566,Shore,Spring Field,New Cicily,MEAT,CHEESE,PEPPERONI,SAUSAGE,BACON
2138865262239785812,November 1, 2015,Vanessa,Emily,28788,Third,Spring Field,New Cicily,MEAT,CHEESE,PEPPERONI,SAUSAGE,BACON
2138865262239785812,November 1, 2015,Vanessa,Emily,28788,Third,Spring Field,New Cicily,Funky Medina,CHEESE,EXTRA_CHEESE,MUSHROOMS,ONIONS,SAUSAGE,BLACK_OLIVES,SARDINES
2138865262239785812,November 1, 2015,Vanessa,Emily,28788,Third,Spring Field,New Cicily,Funky Medina,CHEESE,EXTRA_CHEESE,MUSHROOMS,ONIONS,SAUSAGE,BLACK_OLIVES,SARDINES
2138865262239785812,November 1, 2015,Vanessa,Emily,28788,Third,Spring Field,New Cicily,Spicy MEAT,CHEESE,PEPPERONI,SAUSAGE,BACON,JALAPENOS,JALAPENOS
2138865262239785813,November 1, 2015,Anthony,Bianca,19185,Second,Spring Field,New Cicily,Spicy MEAT,CHEESE,PEPPERONI,SAUSAGE,BACON,JALAPENOS,JALAPENOS
2138865262239785814,November 1, 2015,Valerie,Vicky,12303,Quail,Spring Field,New Cicily,Spicy MEAT,CHEESE,PEPPERONI,SAUSAGE,BACON,JALAPENOS,JALAPENOS
2138865262239785814,November 1, 2015,Valerie,Vicky,12303,Quail,Spring Field,New Cicily,Stinky,CHEESE,ONIONS,EXTRA_CHEESE,GREEN_PEPPERS,JALAPENOS,SAUSAGE
2138865262239785815,November 1, 2015,Maureen,Cody,4028,Cherry,Spring Field,New Cicily,Big Green,ONIONS,BLACK_OLIVES,GREEN_PEPPERS,SPINACH,JALAPENOS,SARDINES
2138865262239785816,November 1, 2015,Maureen,Julia,20656,Shore,Spring Field,New Cicily,Funky Medina,CHEESE,EXTRA_CHEESE,MUSHROOMS,ONIONS,SAUSAGE,BLACK_OLIVES,SARDINES
2138865262239785816,November 1, 2015,Maureen,Julia,20656,Shore,Spring Field,New Cicily,Stinky,CHEESE,ONIONS,EXTRA_CHEESE,GREEN_PEPPERS,JALAPENOS,SAUSAGE
2138865262239785816,November 1, 2015,Maureen,Julia,20656,Shore,Spring Field,New Cicily,Big Green,ONIONS,BLACK_OLIVES,GREEN_PEPPERS,SPINACH,JALAPENOS,SARDINES
2138865262239785817,November 1, 2015,Valerie,Hayden,23588,Delaware,Spring Field,New Cicily,Stinky,CHEESE,ONIONS,EXTRA_CHEESE,GREEN_PEPPERS,JALAPENOS,SAUSAGE
2138865262239785817,November 1, 2015,Valerie,Hayden,23588,Delaware,Spring Field,New Cicily,Spicy MEAT,CHEESE,PEPPERONI,SAUSAGE,BACON,JALAPENOS,JALAPENOS
2138865262239785817,November 1, 2015,Valerie,Hayden,23588,Delaware,Spring Field,New Cicily,Spicy MEAT,CHEESE,PEPPERONI,SAUSAGE,BACON,JALAPENOS,JALAPENOS
2138865262239785817,November 1, 2015,Valerie,Hayden,23588,Delaware,Spring Field,New Cicily,Funky Medina,CHEESE,EXTRA_CHEESE,MUSHROOMS,ONIONS,SAUSAGE,BLACK_OLIVES,SARDINES
2138865262239785818,November 1, 2015,Suzanne,Diana,21732,Sycamore,Spring Field,New Cicily,MEAT,CHEESE,PEPPERONI,SAUSAGE,BACON
2138865262239785819,November 1, 2015,Tommy,Vera,10881,Cypress,Spring Field,New Cicily,Stinky,CHEESE,ONIONS,EXTRA_CHEESE,GREEN_PEPPERS,JALAPENOS,SAUSAGE
2138865262239785820,November 1, 2015,Tommy,Kim,9575,Sunset,Spring Field,New Cicily,Stinky,CHEESE,ONIONS,EXTRA_CHEESE,GREEN_PEPPERS,JALAPENOS,SAUSAGE
2138865262239785820,November 1, 2015,Tommy,Kim,9575,Sunset,Spring Field,New Cicily,Funky Medina,CHEESE,EXTRA_CHEESE,MUSHROOMS,ONIONS,SAUSAGE,BLACK_OLIVES,SARDINES
2138865262239785820,November 1, 2015,Tommy,Kim,9575,Sunset,Spring Field,New Cicily,MEAT,CHEESE,PEPPERONI,SAUSAGE,BACON
2138865262239785821,November 2, 2015,Gabriela,Kaitlyn,23527,Broadway,Spring Field,New Cicily,Spicy MEAT,CHEESE,PEPPERONI,SAUSAGE,BACON,JALAPENOS,JALAPENOS
2138865262239785821,November 2, 2015,Gabriela,Kaitlyn,23527,Broadway,Spring Field,New Cicily,Stinky,CHEESE,ONIONS,EXTRA_CHEESE,GREEN_PEPPERS,JALAPENOS,SAUSAGE
2138865262239785822,November 2, 2015,Valerie,Sandra,23583,Aloha,Spring Field,New Cicily,MEAT,CHEESE,PEPPERONI,SAUSAGE,BACON
2138865262239785822,November 2, 2015,Valerie,Sandra,23583,Aloha,Spring Field,New Cicily,Spicy MEAT,CHEESE,PEPPERONI,SAUSAGE,BACON,JALAPENOS,JALAPENOS
2138865262239785822,November 2, 2015,Valerie,Sandra,23583,Aloha,Spring Field,New Cicily,MEAT,CHEESE,PEPPERONI,SAUSAGE,BACON
2138865262239785822,November 2, 2015,Valerie,Sandra,23583,Aloha,Spring Field,New Cicily,Big Green,ONIONS,BLACK_OLIVES,GREEN_PEPPERS,SPINACH,JALAPENOS,SARDINES
2138865262239785823,November 2, 2015,Vanessa,Harriet,15727,Lake,Spring Field,New Cicily,Funky Medina,CHEESE,EXTRA_CHEESE,MUSHROOMS,ONIONS,SAUSAGE,BLACK_OLIVES,SARDINES
2138865262239785823,November 2, 2015,Vanessa,Harriet,15727,Lake,Spring Field,New Cicily,Big Green,ONIONS,BLACK_OLIVES,GREEN_PEPPERS,SPINACH,JALAPENOS,SARDINES
2138865262239785823,November 2, 2015,Vanessa,Harriet,15727,Lake,Spring Field,New Cicily,Big Green,ONIONS,BLACK_OLIVES,GREEN_PEPPERS,SPINACH,JALAPENOS,SARDINES
2138865262239785824,November 2, 2015,Suzanne,Tina,2343,Malulani,Spring Field,New Cicily,MEAT,CHEESE,PEPPERONI,SAUSAGE,BACON
2138865262239785824,November 2, 2015,Suzanne,Tina,2343,Malulani,Spring Field,New Cicily,Big Green,ONIONS,BLACK_OLIVES,GREEN_PEPPERS,SPINACH,JALAPENOS,SARDINES
2138865262239785825,November 2, 2015,Anthony,Nathaniel,25606,Bay,Spring Field,New Cicily,Spicy MEAT,CHEESE,PEPPERONI,SAUSAGE,BACON,JALAPENOS,JALAPENOS
2138865262239785825,November 2, 2015,Anthony,Nathaniel,25606,Bay,Spring Field,New Cicily,Stinky,CHEESE,ONIONS,EXTRA_CHEESE,GREEN_PEPPERS,JALAPENOS,SAUSAGE
2138865262239785825,November 2, 2015,Anthony,Nathaniel,25606,Bay,Spring Field,New Cicily,Stinky,CHEESE,ONIONS,EXTRA_CHEESE,GREEN_PEPPERS,JALAPENOS,SAUSAGE
2138865262239785826,November 2, 2015,Maureen,Bruce,17505,Orchard,Spring Field,New Cicily,MEAT,CHEESE,PEPPERONI,SAUSAGE,BACON
2138865262239785826,November 2, 2015,Maureen,Bruce,17505,Orchard,Spring Field,New Cicily,Spicy MEAT,CHEESE,PEPPERONI,SAUSAGE,BACON,JALAPENOS,JALAPENOS
2138865262239785826,November 2, 2015,Maureen,Bruce,17505,Orchard,Spring Field,New Cicily,Big Green,ONIONS,BLACK_OLIVES,GREEN_PEPPERS,SPINACH,JALAPENOS,SARDINES
2138865262239785827,November 2, 2015,Gabriela,Susan,2303,Hillside,Spring Field,New Cicily,Spicy MEAT,CHEESE,PEPPERONI,SAUSAGE,BACON,JALAPENOS,JALAPENOS
2138865262239785827,November 2, 2015,Gabriela,Susan,2303,Hillside,Spring Field,New Cicily,MEAT,CHEESE,PEPPERONI,SAUSAGE,BACON
2138865262239785828,November 2, 2015,Tommy,Arnold,28828,Highland,Spring Field,New Cicily,Spicy MEAT,CHEESE,PEPPERONI,SAUSAGE,BACON,JALAPENOS,JALAPENOS
2138865262239785829,November 2, 2015,Ann,Kiara,17099,Evergreen,Spring Field,New Cicily,Funky Medina,CHEESE,EXTRA_CHEESE,MUSHROOMS,ONIONS,SAUSAGE,BLACK_OLIVES,SARDINES
2138865262239785829,November 2, 2015,Ann,Kiara,17099,Evergreen,Spring Field,New Cicily,Funky Medina,CHEESE,EXTRA_CHEESE,MUSHROOMS,ONIONS,SAUSAGE,BLACK_OLIVES,SARDINES
2138865262239785830,November 2, 2015,Ann,Danny,20690,Pine,Spring Field,New Cicily,Spicy MEAT,CHEESE,PEPPERONI,SAUSAGE,BACON,JALAPENOS,JALAPENOS
2138865262239785830,November 2, 2015,Ann,Danny,20690,Pine,Spring Field,New Cicily,Stinky,CHEESE,ONIONS,EXTRA_CHEESE,GREEN_PEPPERS,JALAPENOS,SAUSAGE
2138865262239785831,November 2, 2015,Maureen,Kellie,13365,Maple,Spring Field,New Cicily,MEAT,CHEESE,PEPPERONI,SAUSAGE,BACON
2138865262239785831,November 2, 2015,Maureen,Kellie,13365,Maple,Spring Field,New Cicily,Big Green,ONIONS,BLACK_OLIVES,GREEN_PEPPERS,SPINACH,JALAPENOS,SARDINES
2138865262239785831,November 2, 2015,Maureen,Kellie,13365,Maple,Spring Field,New Cicily,MEAT,CHEESE,PEPPERONI,SAUSAGE,BACON
2138865262239785831,November 2, 2015,Maureen,Kellie,13365,Maple,Spring Field,New Cicily,Spicy MEAT,CHEESE,PEPPERONI,SAUSAGE,BACON,JALAPENOS,JALAPENOS
2138865262239785832,November 2, 2015,Valerie,Austin,27170,Ridge,Spring Field,New Cicily,Spicy MEAT,CHEESE,PEPPERONI,SAUSAGE,BACON,JALAPENOS,JALAPENOS
2138865262239785833,November 2, 2015,Gabriela,Cheryl,3836,Jackson,Spring Field,New Cicily,Funky Medina,CHEESE,EXTRA_CHEESE,MUSHROOMS,ONIONS,SAUSAGE,BLACK_OLIVES,SARDINES
2138865262239785834,November 2, 2015,Anthony,Bradley,11608,Kukui,Spring Field,New Cicily,Spicy MEAT,CHEESE,PEPPERONI,SAUSAGE,BACON,JALAPENOS,JALAPENOS
2138865262239785834,November 2, 2015,Anthony,Bradley,11608,Kukui,Spring Field,New Cicily,Funky Medina,CHEESE,EXTRA_CHEESE,MUSHROOMS,ONIONS,SAUSAGE,BLACK_OLIVES,SARDINES
2138865262239785834,November 2, 2015,Anthony,Bradley,11608,Kukui,Spring Field,New Cicily,Big Green,ONIONS,BLACK_OLIVES,GREEN_PEPPERS,SPINACH,JALAPENOS,SARDINES
2138865262239785835,November 2, 2015,Suzanne,Shaun,19709,Center,Spring Field,New Cicily,Stinky,CHEESE,ONIONS,EXTRA_CHEESE,GREEN_PEPPERS,JALAPENOS,SAUSAGE
2138865262239785836,November 2, 2015,Suzanne,Ruby,1147,Washington,Spring Field,New Cicily,MEAT,CHEESE,PEPPERONI,SAUSAGE,BACON
2138865262239785837,November 2, 2015,Ann,Cheryl,21481,Lakeview,Spring Field,New Cicily,Spicy MEAT,CHEESE,PEPPERONI,SAUSAGE,BACON,JALAPENOS,JALAPENOS
2138865262239785837,November 2, 2015,Ann,Cheryl,21481,Lakeview,Spring Field,New Cicily,Spicy MEAT,CHEESE,PEPPERONI,SAUSAGE,BACON,JALAPENOS,JALAPENOS
2138865262239785838,November 2, 2015,Suzanne,Brooklyn,27825,Sycamore,Spring Field,New Cicily,Funky Medina,CHEESE,EXTRA_CHEESE,MUSHROOMS,ONIONS,SAUSAGE,BLACK_OLIVES,SARDINES
2138865262239785838,November 2, 2015,Suzanne,Brooklyn,27825,Sycamore,Spring Field,New Cicily,Funky Medina,CHEESE,EXTRA_CHEESE,MUSHROOMS,ONIONS,SAUSAGE,BLACK_OLIVES,SARDINES
2138865262239785839,November 2, 2015,Suzanne,Leslie,8183,First,Spring Field,New Cicily,Spicy MEAT,CHEESE,PEPPERONI,SAUSAGE,BACON,JALAPENOS,JALAPENOS
2138865262239785839,November 2, 2015,Suzanne,Leslie,8183,First,Spring Field,New Cicily,Funky Medina,CHEESE,EXTRA_CHEESE,MUSHROOMS,ONIONS,SAUSAGE,BLACK_OLIVES,SARDINES
2138865262239785839,November 2, 2015,Suzanne,Leslie,8183,First,Spring Field,New Cicily,Stinky,CHEESE,ONIONS,EXTRA_CHEESE,GREEN_PEPPERS,JALAPENOS,SAUSAGE
2138865262239785840,November 2, 2015,Valerie,Brian,23607,Hillside,Spring Field,New Cicily,Stinky,CHEESE,ONIONS,EXTRA_CHEESE,GREEN_PEPPERS,JALAPENOS,SAUSAGE
2138865262239785840,November 2, 2015,Valerie,Brian,23607,Hillside,Spring Field,New Cicily,MEAT,CHEESE,PEPPERONI,SAUSAGE,BACON
2138865262239785840,November 2, 2015,Valerie,Brian,23607,Hillside,Spring Field,New Cicily,Spicy MEAT,CHEESE,PEPPERONI,SAUSAGE,BACON,JALAPENOS,JALAPENOS
2138865262239785841,November 2, 2015,Ann,Robin,4492,Holly,Spring Field,New Cicily,Stinky,CHEESE,ONIONS,EXTRA_CHEESE,GREEN_PEPPERS,JALAPENOS,SAUSAGE
2138865262239785841,November 2, 2015,Ann,Robin,4492,Holly,Spring Field,New Cicily,Funky Medina,CHEESE,EXTRA_CHEESE,MUSHROOMS,ONIONS,SAUSAGE,BLACK_OLIVES,SARDINES
2138865262239785842,November 2, 2015,Maureen,Gerald,1014,Williams,Spring Field,New Cicily,Big Green,ONIONS,BLACK_OLIVES,GREEN_PEPPERS,SPINACH,JALAPENOS,SARDINES
2138865262239785842,November 2, 2015,Maureen,Gerald,1014,Williams,Spring Field,New Cicily,Stinky,CHEESE,ONIONS,EXTRA_CHEESE,GREEN_PEPPERS,JALAPENOS,SAUSAGE
2138865262239785842,November 2, 2015,Maureen,Gerald,1014,Williams,Spring Field,New Cicily,Big Green,ONIONS,BLACK_OLIVES,GREEN_PEPPERS,SPINACH,JALAPENOS,SARDINES
2138865262239785842,November 2, 2015,Maureen,Gerald,1014,Williams,Spring Field,New Cicily,MEAT,CHEESE,PEPPERONI,SAUSAGE,BACON
2138865262239785843,November 2, 2015,Maureen,Richard,7644,Kukui,Spring Field,New Cicily,Funky Medina,CHEESE,EXTRA_CHEESE,MUSHROOMS,ONIONS,SAUSAGE,BLACK_OLIVES,SARDINES
2138865262239785843,November 2, 2015,Maureen,Richard,7644,Kukui,Spring Field,New Cicily,Spicy MEAT,CHEESE,PEPPERONI,SAUSAGE,BACON,JALAPENOS,JALAPENOS
2138865262239785843,November 2, 2015,Maureen,Richard,7644,Kukui,Spring Field,New Cicily,Big Green,ONIONS,BLACK_OLIVES,GREEN_PEPPERS,SPINACH,JALAPENOS,SARDINES
2138865262239785844,November 2, 2015,Vanessa,Yvonne,17574,Main,Spring Field,New Cicily,Big Green,ONIONS,BLACK_OLIVES,GREEN_PEPPERS,SPINACH,JALAPENOS,SARDINES
2138865262239785845,November 2, 2015,Suzanne,Perry,9607,Aloha,Spring Field,New Cicily,Big Green,ONIONS,BLACK_OLIVES,GREEN_PEPPERS,SPINACH,JALAPENOS,SARDINES
2138865262239785845,November 2, 2015,Suzanne,Perry,9607,Aloha,Spring Field,New Cicily,Funky Medina,CHEESE,EXTRA_CHEESE,MUSHROOMS,ONIONS,SAUSAGE,BLACK_OLIVES,SARDINES
2138865262239785845,November 2, 2015,Suzanne,Perry,9607,Aloha,Spring Field,New Cicily,MEAT,CHEESE,PEPPERONI,SAUSAGE,BACON
2138865262239785845,November 2, 2015,Suzanne,Perry,9607,Aloha,Spring Field,New Cicily,MEAT,CHEESE,PEPPERONI,SAUSAGE,BACON
2138865262239785846,November 2, 2015,Valerie,Bob,4871,Evergreen,Spring Field,New Cicily,Big Green,ONIONS,BLACK_OLIVES,GREEN_PEPPERS,SPINACH,JALAPENOS,SARDINES
2138865262239785846,November 2, 2015,Valerie,Bob,4871,Evergreen,Spring Field,New Cicily,MEAT,CHEESE,PEPPERONI,SAUSAGE,BACON
2138865262239785847,November 2, 2015,Valerie,Samantha,29124,Evergreen,Spring Field,New Cicily,Funky Medina,CHEESE,EXTRA_CHEESE,MUSHROOMS,ONIONS,SAUSAGE,BLACK_OLIVES,SARDINES
2138865262239785847,November 2, 2015,Valerie,Samantha,29124,Evergreen,Spring Field,New Cicily,MEAT,CHEESE,PEPPERONI,SAUSAGE,BACON
2138865262239785847,November 2, 2015,Valerie,Samantha,29124,Evergreen,Spring Field,New Cicily,MEAT,CHEESE,PEPPERONI,SAUSAGE,BACON
2138865262239785848,November 2, 2015,Anthony,Troy,27653,Johnson,Spring Field,New Cicily,Funky Medina,CHEESE,EXTRA_CHEESE,MUSHROOMS,ONIONS,SAUSAGE,BLACK_OLIVES,SARDINES
2138865262239785848,November 2, 2015,Anthony,Troy,27653,Johnson,Spring Field,New Cicily,Spicy MEAT,CHEESE,PEPPERONI,SAUSAGE,BACON,JALAPENOS,JALAPENOS
2138865262239785848,November 2, 2015,Anthony,Troy,27653,Johnson,Spring Field,New Cicily,Stinky,CHEESE,ONIONS,EXTRA_CHEESE,GREEN_PEPPERS,JALAPENOS,SAUSAGE
2138865262239785849,November 2, 2015,Anthony,Cindy,8790,Twelfth,Spring Field,New Cicily,Big Green,ONIONS,BLACK_OLIVES,GREEN_PEPPERS,SPINACH,JALAPENOS,SARDINES
2138865262239785849,November 2, 2015,Anthony,Cindy,8790,Twelfth,Spring Field,New Cicily,Stinky,CHEESE,ONIONS,EXTRA_CHEESE,GREEN_PEPPERS,JALAPENOS,SAUSAGE
2138865262239785849,November 2, 2015,Anthony,Cindy,8790,Twelfth,Spring Field,New Cicily,MEAT,CHEESE,PEPPERONI,SAUSAGE,BACON
2138865262239785850,November 2, 2015,Ann,Andrea,9183,Columbine,Spring Field,New Cicily,Spicy MEAT,CHEESE,PEPPERONI,SAUSAGE,BACON,JALAPENOS,JALAPENOS
2138865262239785850,November 2, 2015,Ann,Andrea,9183,Columbine,Spring Field,New Cicily,Stinky,CHEESE,ONIONS,EXTRA_CHEESE,GREEN_PEPPERS,JALAPENOS,SAUSAGE
2138865262239785851,November 2, 2015,Anthony,Warren,26935,Wood,Spring Field,New Cicily,Funky Medina,CHEESE,EXTRA_CHEESE,MUSHROOMS,ONIONS,SAUSAGE,BLACK_OLIVES,SARDINES
2138865262239785851,November 2, 2015,Anthony,Warren,26935,Wood,Spring Field,New Cicily,Stinky,CHEESE,ONIONS,EXTRA_CHEESE,GREEN_PEPPERS,JALAPENOS,SAUSAGE
2138865262239785851,November 2, 2015,Anthony,Warren,26935,Wood,Spring Field,New Cicily,Stinky,CHEESE,ONIONS,EXTRA_CHEESE,GREEN_PEPPERS,JALAPENOS,SAUSAGE
2138865262239785852,November 2, 2015,Anthony,Carl,13418,S 400,Spring Field,New Cicily,Funky Medina,CHEESE,EXTRA_CHEESE,MUSHROOMS,ONIONS,SAUSAGE,BLACK_OLIVES,SARDINES
2138865262239785853,November 2, 2015,Valerie,Jack,19802,Williams,Spring Field,New Cicily,Big Green,ONIONS,BLACK_OLIVES,GREEN_PEPPERS,SPINACH,JALAPENOS,SARDINES
2138865262239785853,November 2, 2015,Valerie,Jack,19802,Williams,Spring Field,New Cicily,Funky Medina,CHEESE,EXTRA_CHEESE,MUSHROOMS,ONIONS,SAUSAGE,BLACK_OLIVES,SARDINES
2138865262239785853,November 2, 2015,Valerie,Jack,19802,Williams,Spring Field,New Cicily,Big Green,ONIONS,BLACK_OLIVES,GREEN_PEPPERS,SPINACH,JALAPENOS,SARDINES
2138865262239785854,November 2, 2015,Gabriela,Bryan,5233,Park,Spring Field,New Cicily,Big Green,ONIONS,BLACK_OLIVES,GREEN_PEPPERS,SPINACH,JALAPENOS,SARDINES
2138865262239785855,November 2, 2015,Tommy,Matthew,3450,Tenth,Spring Field,New Cicily,Spicy MEAT,CHEESE,PEPPERONI,SAUSAGE,BACON,JALAPENOS,JALAPENOS
2138865262239785856,November 2, 2015,Ann,Jose,2465,Bay,Spring Field,New Cicily,Big Green,ONIONS,BLACK_OLIVES,GREEN_PEPPERS,SPINACH,JALAPENOS,SARDINES
2138865262239785856,November 2, 2015,Ann,Jose,2465,Bay,Spring Field,New Cicily,Big Green,ONIONS,BLACK_OLIVES,GREEN_PEPPERS,SPINACH,JALAPENOS,SARDINES
2138865262239785856,November 2, 2015,Ann,Jose,2465,Bay,Spring Field,New Cicily,Funky Medina,CHEESE,EXTRA_CHEESE,MUSHROOMS,ONIONS,SAUSAGE,BLACK_OLIVES,SARDINES
2138865262239785857,November 2, 2015,Valerie,Paula,1945,Hickory,Spring Field,New Cicily,Funky Medina,CHEESE,EXTRA_CHEESE,MUSHROOMS,ONIONS,SAUSAGE,BLACK_OLIVES,SARDINES
2138865262239785858,November 2, 2015,Gabriela,Garry,3765,Hampton,Spring Field,New Cicily,Big Green,ONIONS,BLACK_OLIVES,GREEN_PEPPERS,SPINACH,JALAPENOS,SARDINES
2138865262239785859,November 2, 2015,Vanessa,Terrance,23556,Lincoln,Spring Field,New Cicily,Spicy MEAT,CHEESE,PEPPERONI,SAUSAGE,BACON,JALAPENOS,JALAPENOS
2138865262239785859,November 2, 2015,Vanessa,Terrance,23556,Lincoln,Spring Field,New Cicily,Big Green,ONIONS,BLACK_OLIVES,GREEN_PEPPERS,SPINACH,JALAPENOS,SARDINES
2138865262239785859,November 2, 2015,Vanessa,Terrance,23556,Lincoln,Spring Field,New Cicily,Spicy MEAT,CHEESE,PEPPERONI,SAUSAGE,BACON,JALAPENOS,JALAPENOS
2138865262239785860,November 2, 2015,Anthony,Milton,27619,Shore,Spring Field,New Cicily,Funky Medina,CHEESE,EXTRA_CHEESE,MUSHROOMS,ONIONS,SAUSAGE,BLACK_OLIVES,SARDINES
2138865262239785860,November 2, 2015,Anthony,Milton,27619,Shore,Spring Field,New Cicily,Spicy MEAT,CHEESE,PEPPERONI,SAUSAGE,BACON,JALAPENOS,JALAPENOS
2138865262239785860,November 2, 2015,Anthony,Milton,27619,Shore,Spring Field,New Cicily,Big Green,ONIONS,BLACK_OLIVES,GREEN_PEPPERS,SPINACH,JALAPENOS,SARDINES
2138865262239785861,November 2, 2015,Anthony,Lauren,6276,Sycamore,Spring Field,New Cicily,Funky Medina,CHEESE,EXTRA_CHEESE,MUSHROOMS,ONIONS,SAUSAGE,BLACK_OLIVES,SARDINES
2138865262239785861,November 2, 2015,Anthony,Lauren,6276,Sycamore,Spring Field,New Cicily,Spicy MEAT,CHEESE,PEPPERONI,SAUSAGE,BACON,JALAPENOS,JALAPENOS
2138865262239785861,November 2, 2015,Anthony,Lauren,6276,Sycamore,Spring Field,New Cicily,Spicy MEAT,CHEESE,PEPPERONI,SAUSAGE,BACON,JALAPENOS,JALAPENOS
2138865262239785862,November 2, 2015,Vanessa,Andrea,16979,Elm,Spring Field,New Cicily,Funky Medina,CHEESE,EXTRA_CHEESE,MUSHROOMS,ONIONS,SAUSAGE,BLACK_OLIVES,SARDINES
2138865262239785863,November 2, 2015,Ann,Aaron,28218,Mountain View,Spring Field,New Cicily,Big Green,ONIONS,BLACK_OLIVES,GREEN_PEPPERS,SPINACH,JALAPENOS,SARDINES
2138865262239785863,November 2, 2015,Ann,Aaron,28218,Mountain View,Spring Field,New Cicily,Spicy MEAT,CHEESE,PEPPERONI,SAUSAGE,BACON,JALAPENOS,JALAPENOS
2138865262239785863,November 2, 2015,Ann,Aaron,28218,Mountain View,Spring Field,New Cicily,Spicy MEAT,CHEESE,PEPPERONI,SAUSAGE,BACON,JALAPENOS,JALAPENOS
2138865262239785864,November 2, 2015,Maureen,Alexander,20768,Williams,Spring Field,New Cicily,Spicy MEAT,CHEESE,PEPPERONI,SAUSAGE,BACON,JALAPENOS,JALAPENOS
2138865262239785864,November 2, 2015,Maureen,Alexander,20768,Williams,Spring Field,New Cicily,Big Green,ONIONS,BLACK_OLIVES,GREEN_PEPPERS,SPINACH,JALAPENOS,SARDINES
2138865262239785864,November 2, 2015,Maureen,Alexander,20768,Williams,Spring Field,New Cicily,MEAT,CHEESE,PEPPERONI,SAUSAGE,BACON
2138865262239785865,November 2, 2015,Gabriela,Joel,993,Third,Spring Field,New Cicily,Big Green,ONIONS,BLACK_OLIVES,GREEN_PEPPERS,SPINACH,JALAPENOS,SARDINES
2138865262239785866,November 2, 2015,Ann,Rodney,10096,Kansas,Spring Field,New Cicily,Stinky,CHEESE,ONIONS,EXTRA_CHEESE,GREEN_PEPPERS,JALAPENOS,SAUSAGE
2138865262239785866,November 2, 2015,Ann,Rodney,10096,Kansas,Spring Field,New Cicily,MEAT,CHEESE,PEPPERONI,SAUSAGE,BACON
2138865262239785867,November 2, 2015,Gabriela,Roger,22434,Delaware,Spring Field,New Cicily,Spicy MEAT,CHEESE,PEPPERONI,SAUSAGE,BACON,JALAPENOS,JALAPENOS
2138865262239785867,November 2, 2015,Gabriela,Roger,22434,Delaware,Spring Field,New Cicily,Big Green,ONIONS,BLACK_OLIVES,GREEN_PEPPERS,SPINACH,JALAPENOS,SARDINES
2138865262239785867,November 2, 2015,Gabriela,Roger,22434,Delaware,Spring Field,New Cicily,Funky Medina,CHEESE,EXTRA_CHEESE,MUSHROOMS,ONIONS,SAUSAGE,BLACK_OLIVES,SARDINES
2138865262239785868,November 2, 2015,Suzanne,Wayne,8555,Cherry,Spring Field,New Cicily,Stinky,CHEESE,ONIONS,EXTRA_CHEESE,GREEN_PEPPERS,JALAPENOS,SAUSAGE
2138865262239785868,November 2, 2015,Suzanne,Wayne,8555,Cherry,Spring Field,New Cicily,Big Green,ONIONS,BLACK_OLIVES,GREEN_PEPPERS,SPINACH,JALAPENOS,SARDINES
2138865262239785869,November 2, 2015,Anthony,Patricia,4498,S 400,Spring Field,New Cicily,MEAT,CHEESE,PEPPERONI,SAUSAGE,BACON
2138865262239785869,November 2, 2015,Anthony,Patricia,4498,S 400,Spring Field,New Cicily,Stinky,CHEESE,ONIONS,EXTRA_CHEESE,GREEN_PEPPERS,JALAPENOS,SAUSAGE
2138865262239785870,November 2, 2015,Valerie,Felicia,25036,Pioneer,Spring Field,New Cicily,Stinky,CHEESE,ONIONS,EXTRA_CHEESE,GREEN_PEPPERS,JALAPENOS,SAUSAGE
2138865262239785870,November 2, 2015,Valerie,Felicia,25036,Pioneer,Spring Field,New Cicily,Funky Medina,CHEESE,EXTRA_CHEESE,MUSHROOMS,ONIONS,SAUSAGE,BLACK_OLIVES,SARDINES
2138865262239785871,November 2, 2015,Gabriela,David,10142,Pinon,Spring Field,New Cicily,MEAT,CHEESE,PEPPERONI,SAUSAGE,BACON
2138865262239785871,November 2, 2015,Gabriela,David,10142,Pinon,Spring Field,New Cicily,Big Green,ONIONS,BLACK_OLIVES,GREEN_PEPPERS,SPINACH,JALAPENOS,SARDINES
2138865262239785871,November 2, 2015,Gabriela,David,10142,Pinon,Spring Field,New Cicily,Stinky,CHEESE,ONIONS,EXTRA_CHEESE,GREEN_PEPPERS,JALAPENOS,SAUSAGE
2138865262239785871,November 2, 2015,Gabriela,David,10142,Pinon,Spring Field,New Cicily,Big Green,ONIONS,BLACK_OLIVES,GREEN_PEPPERS,SPINACH,JALAPENOS,SARDINES
2138865262239785872,November 2, 2015,Maureen,Steven,1399,Lakeview,Spring Field,New Cicily,MEAT,CHEESE,PEPPERONI,SAUSAGE,BACON
2138865262239785872,November 2, 2015,Maureen,Steven,1399,Lakeview,Spring Field,New Cicily,Big Green,ONIONS,BLACK_OLIVES,GREEN_PEPPERS,SPINACH,JALAPENOS,SARDINES
2138865262239785873,November 2, 2015,Gabriela,Natasha,14445,Delaware,Spring Field,New Cicily,Funky Medina,CHEESE,EXTRA_CHEESE,MUSHROOMS,ONIONS,SAUSAGE,BLACK_OLIVES,SARDINES
2138865262239785873,November 2, 2015,Gabriela,Natasha,14445,Delaware,Spring Field,New Cicily,MEAT,CHEESE,PEPPERONI,SAUSAGE,BACON
2138865262239785873,November 2, 2015,Gabriela,Natasha,14445,Delaware,Spring Field,New Cicily,Spicy MEAT,CHEESE,PEPPERONI,SAUSAGE,BACON,JALAPENOS,JALAPENOS
2138865262239785874,November 2, 2015,Gabriela,Latasha,18113,Juniper,Spring Field,New Cicily,Stinky,CHEESE,ONIONS,EXTRA_CHEESE,GREEN_PEPPERS,JALAPENOS,SAUSAGE
2138865262239785874,November 2, 2015,Gabriela,Latasha,18113,Juniper,Spring Field,New Cicily,MEAT,CHEESE,PEPPERONI,SAUSAGE,BACON
2138865262239785875,November 2, 2015,Suzanne,Joel,14858,A,Spring Field,New Cicily,Stinky,CHEESE,ONIONS,EXTRA_CHEESE,GREEN_PEPPERS,JALAPENOS,SAUSAGE
2138865262239785876,November 2, 2015,Gabriela,Brent,6903,Columbine,Spring Field,New Cicily,Big Green,ONIONS,BLACK_OLIVES,GREEN_PEPPERS,SPINACH,JALAPENOS,SARDINES
2138865262239785876,November 2, 2015,Gabriela,Brent,6903,Columbine,Spring Field,New Cicily,Stinky,CHEESE,ONIONS,EXTRA_CHEESE,GREEN_PEPPERS,JALAPENOS,SAUSAGE
2138865262239785877,November 2, 2015,Tommy,Jayla,16024,Oak,Spring Field,New Cicily,Big Green,ONIONS,BLACK_OLIVES,GREEN_PEPPERS,SPINACH,JALAPENOS,SARDINES
2138865262239785877,November 2, 2015,Tommy,Jayla,16024,Oak,Spring Field,New Cicily,Spicy MEAT,CHEESE,PEPPERONI,SAUSAGE,BACON,JALAPENOS,JALAPENOS
2138865262239785878,November 2, 2015,Vanessa,Joseph,26410,Seventh,Spring Field,New Cicily,MEAT,CHEESE,PEPPERONI,SAUSAGE,BACON
2138865262239785878,November 2, 2015,Vanessa,Joseph,26410,Seventh,Spring Field,New Cicily,MEAT,CHEESE,PEPPERONI,SAUSAGE,BACON
2138865262239785879,November 2, 2015,Ann,Julie,7286,Pinon,Spring Field,New Cicily,MEAT,CHEESE,PEPPERONI,SAUSAGE,BACON
2138865262239785879,November 2, 2015,Ann,Julie,7286,Pinon,Spring Field,New Cicily,Big Green,ONIONS,BLACK_OLIVES,GREEN_PEPPERS,SPINACH,JALAPENOS,SARDINES
2138865262239785880,November 2, 2015,Valerie,Neil,19226,Williams,Spring Field,New Cicily,Spicy MEAT,CHEESE,PEPPERONI,SAUSAGE,BACON,JALAPENOS,JALAPENOS
2138865262239785880,November 2, 2015,Valerie,Neil,19226,Williams,Spring Field,New Cicily,Big Green,ONIONS,BLACK_OLIVES,GREEN_PEPPERS,SPINACH,JALAPENOS,SARDINES
2138865262239785880,November 2, 2015,Valerie,Neil,19226,Williams,Spring Field,New Cicily,MEAT,CHEESE,PEPPERONI,SAUSAGE,BACON
2138865262239785881,November 3, 2015,Anthony,Taylor,19301,Airport,Spring Field,New Cicily,Stinky,CHEESE,ONIONS,EXTRA_CHEESE,GREEN_PEPPERS,JALAPENOS,SAUSAGE
2138865262239785882,November 3, 2015,Ann,Heidi,15467,Twelfth,Spring Field,New Cicily,Big Green,ONIONS,BLACK_OLIVES,GREEN_PEPPERS,SPINACH,JALAPENOS,SARDINES
2138865262239785882,November 3, 2015,Ann,Heidi,15467,Twelfth,Spring Field,New Cicily,Big Green,ONIONS,BLACK_OLIVES,GREEN_PEPPERS,SPINACH,JALAPENOS,SARDINES
2138865262239785883,November 3, 2015,Maureen,Carl,10501,Pine,Spring Field,New Cicily,Big Green,ONIONS,BLACK_OLIVES,GREEN_PEPPERS,SPINACH,JALAPENOS,SARDINES
2138865262239785883,November 3, 2015,Maureen,Carl,10501,Pine,Spring Field,New Cicily,MEAT,CHEESE,PEPPERONI,SAUSAGE,BACON
2138865262239785884,November 3, 2015,Vanessa,Fredrick,6319,Fifth,Spring Field,New Cicily,MEAT,CHEESE,PEPPERONI,SAUSAGE,BACON
2138865262239785884,November 3, 2015,Vanessa,Fredrick,6319,Fifth,Spring Field,New Cicily,Funky Medina,CHEESE,EXTRA_CHEESE,MUSHROOMS,ONIONS,SAUSAGE,BLACK_OLIVES,SARDINES
2138865262239785884,November 3, 2015,Vanessa,Fredrick,6319,Fifth,Spring Field,New Cicily,MEAT,CHEESE,PEPPERONI,SAUSAGE,BACON
2138865262239785885,November 3, 2015,Timothy,Sarah,23137,Williams,Spring Field,New Cicily,Funky Medina,CHEESE,EXTRA_CHEESE,MUSHROOMS,ONIONS,SAUSAGE,BLACK_OLIVES,SARDINES
2138865262239785885,November 3, 2015,Timothy,Sarah,23137,Williams,Spring Field,New Cicily,MEAT,CHEESE,PEPPERONI,SAUSAGE,BACON
2138865262239785886,November 3, 2015,Vanessa,Allison,1947,Walnut,Spring Field,New Cicily,Stinky,CHEESE,ONIONS,EXTRA_CHEESE,GREEN_PEPPERS,JALAPENOS,SAUSAGE
2138865262239785886,November 3, 2015,Vanessa,Allison,1947,Walnut,Spring Field,New Cicily,Stinky,CHEESE,ONIONS,EXTRA_CHEESE,GREEN_PEPPERS,JALAPENOS,SAUSAGE
2138865262239785886,November 3, 2015,Vanessa,Allison,1947,Walnut,Spring Field,New Cicily,Funky Medina,CHEESE,EXTRA_CHEESE,MUSHROOMS,ONIONS,SAUSAGE,BLACK_OLIVES,SARDINES
2138865262239785887,November 3, 2015,Tommy,Nicholas,26779,First,Spring Field,New Cicily,Funky Medina,CHEESE,EXTRA_CHEESE,MUSHROOMS,ONIONS,SAUSAGE,BLACK_OLIVES,SARDINES
2138865262239785887,November 3, 2015,Tommy,Nicholas,26779,First,Spring Field,New Cicily,Big Green,ONIONS,BLACK_OLIVES,GREEN_PEPPERS,SPINACH,JALAPENOS,SARDINES
2138865262239785887,November 3, 2015,Tommy,Nicholas,26779,First,Spring Field,New Cicily,Stinky,CHEESE,ONIONS,EXTRA_CHEESE,GREEN_PEPPERS,JALAPENOS,SAUSAGE
2138865262239785887,November 3, 2015,Tommy,Nicholas,26779,First,Spring Field,New Cicily,Big Green,ONIONS,BLACK_OLIVES,GREEN_PEPPERS,SPINACH,JALAPENOS,SARDINES
2138865262239785888,November 3, 2015,Ann,Ricky,27739,Thirteenth,Spring Field,New Cicily,MEAT,CHEESE,PEPPERONI,SAUSAGE,BACON
2138865262239785888,November 3, 2015,Ann,Ricky,27739,Thirteenth,Spring Field,New Cicily,MEAT,CHEESE,PEPPERONI,SAUSAGE,BACON
2138865262239785889,November 3, 2015,Valerie,Melanie,16192,Center,Spring Field,New Cicily,Big Green,ONIONS,BLACK_OLIVES,GREEN_PEPPERS,SPINACH,JALAPENOS,SARDINES
2138865262239785889,November 3, 2015,Valerie,Melanie,16192,Center,Spring Field,New Cicily,Funky Medina,CHEESE,EXTRA_CHEESE,MUSHROOMS,ONIONS,SAUSAGE,BLACK_OLIVES,SARDINES
2138865262239785889,November 3, 2015,Valerie,Melanie,16192,Center,Spring Field,New Cicily,MEAT,CHEESE,PEPPERONI,SAUSAGE,BACON
2138865262239785890,November 3, 2015,Suzanne,Tiffany,13865,Meadow,Spring Field,New Cicily,Spicy MEAT,CHEESE,PEPPERONI,SAUSAGE,BACON,JALAPENOS,JALAPENOS
2138865262239785890,November 3, 2015,Suzanne,Tiffany,13865,Meadow,Spring Field,New Cicily,MEAT,CHEESE,PEPPERONI,SAUSAGE,BACON
2138865262239785891,November 3, 2015,Timothy,Ricardo,19561,Apache,Spring Field,New Cicily,Funky Medina,CHEESE,EXTRA_CHEESE,MUSHROOMS,ONIONS,SAUSAGE,BLACK_OLIVES,SARDINES
2138865262239785891,November 3, 2015,Timothy,Ricardo,19561,Apache,Spring Field,New Cicily,Big Green,ONIONS,BLACK_OLIVES,GREEN_PEPPERS,SPINACH,JALAPENOS,SARDINES
2138865262239785891,November 3, 2015,Timothy,Ricardo,19561,Apache,Spring Field,New Cicily,Funky Medina,CHEESE,EXTRA_CHEESE,MUSHROOMS,ONIONS,SAUSAGE,BLACK_OLIVES,SARDINES
2138865262239785892,November 3, 2015,Maureen,Louise,17823,Lehua,Spring Field,New Cicily,Big Green,ONIONS,BLACK_OLIVES,GREEN_PEPPERS,SPINACH,JALAPENOS,SARDINES
2138865262239785892,November 3, 2015,Maureen,Louise,17823,Lehua,Spring Field,New Cicily,Stinky,CHEESE,ONIONS,EXTRA_CHEESE,GREEN_PEPPERS,JALAPENOS,SAUSAGE
2138865262239785893,November 3, 2015,Ann,Kurt,18879,Redwood,Spring Field,New Cicily,MEAT,CHEESE,PEPPERONI,SAUSAGE,BACON
2138865262239785894,November 3, 2015,Timothy,Felicia,24649,S 400,Spring Field,New Cicily,Big Green,ONIONS,BLACK_OLIVES,GREEN_PEPPERS,SPINACH,JALAPENOS,SARDINES
2138865262239785894,November 3, 2015,Timothy,Felicia,24649,S 400,Spring Field,New Cicily,Funky Medina,CHEESE,EXTRA_CHEESE,MUSHROOMS,ONIONS,SAUSAGE,BLACK_OLIVES,SARDINES
2138865262239785894,November 3, 2015,Timothy,Felicia,24649,S 400,Spring Field,New Cicily,Big Green,ONIONS,BLACK_OLIVES,GREEN_PEPPERS,SPINACH,JALAPENOS,SARDINES
2138865262239785895,November 3, 2015,Suzanne,Audrey,7797,Main,Spring Field,New Cicily,Big Green,ONIONS,BLACK_OLIVES,GREEN_PEPPERS,SPINACH,JALAPENOS,SARDINES
2138865262239785895,November 3, 2015,Suzanne,Audrey,7797,Main,Spring Field,New Cicily,MEAT,CHEESE,PEPPERONI,SAUSAGE,BACON
2138865262239785896,November 3, 2015,Tommy,Kimberly,3207,A,Spring Field,New Cicily,Spicy MEAT,CHEESE,PEPPERONI,SAUSAGE,BACON,JALAPENOS,JALAPENOS
2138865262239785896,November 3, 2015,Tommy,Kimberly,3207,A,Spring Field,New Cicily,MEAT,CHEESE,PEPPERONI,SAUSAGE,BACON
2138865262239785897,November 3, 2015,Valerie,Vera,1242,Broadway,Spring Field,New Cicily,Spicy MEAT,CHEESE,PEPPERONI,SAUSAGE,BACON,JALAPENOS,JALAPENOS
2138865262239785898,November 3, 2015,Valerie,Giselle,26902,Eighth,Spring Field,New Cicily,Stinky,CHEESE,ONIONS,EXTRA_CHEESE,GREEN_PEPPERS,JALAPENOS,SAUSAGE
2138865262239785898,November 3, 2015,Valerie,Giselle,26902,Eighth,Spring Field,New Cicily,Stinky,CHEESE,ONIONS,EXTRA_CHEESE,GREEN_PEPPERS,JALAPENOS,SAUSAGE
2138865262239785898,November 3, 2015,Valerie,Giselle,26902,Eighth,Spring Field,New Cicily,MEAT,CHEESE,PEPPERONI,SAUSAGE,BACON
2138865262239785898,November 3, 2015,Valerie,Giselle,26902,Eighth,Spring Field,New Cicily,Funky Medina,CHEESE,EXTRA_CHEESE,MUSHROOMS,ONIONS,SAUSAGE,BLACK_OLIVES,SARDINES
2138865262239785899,November 3, 2015,Tommy,Mary,26160,Thirteenth,Spring Field,New Cicily,MEAT,CHEESE,PEPPERONI,SAUSAGE,BACON
2138865262239785899,November 3, 2015,Tommy,Mary,26160,Thirteenth,Spring Field,New Cicily,Funky Medina,CHEESE,EXTRA_CHEESE,MUSHROOMS,ONIONS,SAUSAGE,BLACK_OLIVES,SARDINES
2138865262239785899,November 3, 2015,Tommy,Mary,26160,Thirteenth,Spring Field,New Cicily,Big Green,ONIONS,BLACK_OLIVES,GREEN_PEPPERS,SPINACH,JALAPENOS,SARDINES
2138865262239785900,November 3, 2015,Ann,Sean,28698,Lakeview,Spring Field,New Cicily,MEAT,CHEESE,PEPPERONI,SAUSAGE,BACON
2138865262239785900,November 3, 2015,Ann,Sean,28698,Lakeview,Spring Field,New Cicily,Big Green,ONIONS,BLACK_OLIVES,GREEN_PEPPERS,SPINACH,JALAPENOS,SARDINES
2138865262239785900,November 3, 2015,Ann,Sean,28698,Lakeview,Spring Field,New Cicily,Stinky,CHEESE,ONIONS,EXTRA_CHEESE,GREEN_PEPPERS,JALAPENOS,SAUSAGE
2138865262239785901,November 3, 2015,Vanessa,Darrell,5646,Smith,Spring Field,New Cicily,Big Green,ONIONS,BLACK_OLIVES,GREEN_PEPPERS,SPINACH,JALAPENOS,SARDINES
2138865262239785901,November 3, 2015,Vanessa,Darrell,5646,Smith,Spring Field,New Cicily,Stinky,CHEESE,ONIONS,EXTRA_CHEESE,GREEN_PEPPERS,JALAPENOS,SAUSAGE
2138865262239785901,November 3, 2015,Vanessa,Darrell,5646,Smith,Spring Field,New Cicily,Funky Medina,CHEESE,EXTRA_CHEESE,MUSHROOMS,ONIONS,SAUSAGE,BLACK_OLIVES,SARDINES
2138865262239785901,November 3, 2015,Vanessa,Darrell,5646,Smith,Spring Field,New Cicily,Spicy MEAT,CHEESE,PEPPERONI,SAUSAGE,BACON,JALAPENOS,JALAPENOS
2138865262239785902,November 3, 2015,Anthony,Preston,29695,County Line,Spring Field,New Cicily,Funky Medina,CHEESE,EXTRA_CHEESE,MUSHROOMS,ONIONS,SAUSAGE,BLACK_OLIVES,SARDINES
2138865262239785902,November 3, 2015,Anthony,Preston,29695,County Line,Spring Field,New Cicily,Spicy MEAT,CHEESE,PEPPERONI,SAUSAGE,BACON,JALAPENOS,JALAPENOS
2138865262239785903,November 3, 2015,Tommy,Mark,5364,Fifth,Spring Field,New Cicily,Spicy MEAT,CHEESE,PEPPERONI,SAUSAGE,BACON,JALAPENOS,JALAPENOS
2138865262239785903,November 3, 2015,Tommy,Mark,5364,Fifth,Spring Field,New Cicily,MEAT,CHEESE,PEPPERONI,SAUSAGE,BACON
2138865262239785903,November 3, 2015,Tommy,Mark,5364,Fifth,Spring Field,New Cicily,Stinky,CHEESE,ONIONS,EXTRA_CHEESE,GREEN_PEPPERS,JALAPENOS,SAUSAGE
2138865262239785904,November 3, 2015,Valerie,Sofia,10634,Johnson,Spring Field,New Cicily,Spicy MEAT,CHEESE,PEPPERONI,SAUSAGE,BACON,JALAPENOS,JALAPENOS
2138865262239785904,November 3, 2015,Valerie,Sofia,10634,Johnson,Spring Field,New Cicily,Big Green,ONIONS,BLACK_OLIVES,GREEN_PEPPERS,SPINACH,JALAPENOS,SARDINES
2138865262239785905,November 3, 2015,Maureen,Caleb,29935,Pecan,Spring Field,New Cicily,Spicy MEAT,CHEESE,PEPPERONI,SAUSAGE,BACON,JALAPENOS,JALAPENOS
2138865262239785906,November 3, 2015,Anthony,Traci,17884,Fourth,Spring Field,New Cicily,MEAT,CHEESE,PEPPERONI,SAUSAGE,BACON
2138865262239785906,November 3, 2015,Anthony,Traci,17884,Fourth,Spring Field,New Cicily,MEAT,CHEESE,PEPPERONI,SAUSAGE,BACON
2138865262239785906,November 3, 2015,Anthony,Traci,17884,Fourth,Spring Field,New Cicily,Stinky,CHEESE,ONIONS,EXTRA_CHEESE,GREEN_PEPPERS,JALAPENOS,SAUSAGE
2138865262239785907,November 3, 2015,Suzanne,Zoe,27057,A,Spring Field,New Cicily,Funky Medina,CHEESE,EXTRA_CHEESE,MUSHROOMS,ONIONS,SAUSAGE,BLACK_OLIVES,SARDINES
2138865262239785907,November 3, 2015,Suzanne,Zoe,27057,A,Spring Field,New Cicily,Big Green,ONIONS,BLACK_OLIVES,GREEN_PEPPERS,SPINACH,JALAPENOS,SARDINES
2138865262239785908,November 3, 2015,Suzanne,Bradley,7035,Broadway,Spring Field,New Cicily,Spicy MEAT,CHEESE,PEPPERONI,SAUSAGE,BACON,JALAPENOS,JALAPENOS
2138865262239785908,November 3, 2015,Suzanne,Bradley,7035,Broadway,Spring Field,New Cicily,MEAT,CHEESE,PEPPERONI,SAUSAGE,BACON
2138865262239785908,November 3, 2015,Suzanne,Bradley,7035,Broadway,Spring Field,New Cicily,Funky Medina,CHEESE,EXTRA_CHEESE,MUSHROOMS,ONIONS,SAUSAGE,BLACK_OLIVES,SARDINES
2138865262239785908,November 3, 2015,Suzanne,Bradley,7035,Broadway,Spring Field,New Cicily,Spicy MEAT,CHEESE,PEPPERONI,SAUSAGE,BACON,JALAPENOS,JALAPENOS
2138865262239785909,November 3, 2015,Valerie,Ray,3172,Pleasant,Spring Field,New Cicily,MEAT,CHEESE,PEPPERONI,SAUSAGE,BACON
2138865262239785909,November 3, 2015,Valerie,Ray,3172,Pleasant,Spring Field,New Cicily,MEAT,CHEESE,PEPPERONI,SAUSAGE,BACON
2138865262239785910,November 3, 2015,Vanessa,Edwin,8779,Johnson,Spring Field,New Cicily,Funky Medina,CHEESE,EXTRA_CHEESE,MUSHROOMS,ONIONS,SAUSAGE,BLACK_OLIVES,SARDINES
2138865262239785910,November 3, 2015,Vanessa,Edwin,8779,Johnson,Spring Field,New Cicily,MEAT,CHEESE,PEPPERONI,SAUSAGE,BACON
2138865262239785910,November 3, 2015,Vanessa,Edwin,8779,Johnson,Spring Field,New Cicily,Funky Medina,CHEESE,EXTRA_CHEESE,MUSHROOMS,ONIONS,SAUSAGE,BLACK_OLIVES,SARDINES
2138865262239785911,November 3, 2015,Vanessa,Erin,8614,Hampton,Spring Field,New Cicily,Funky Medina,CHEESE,EXTRA_CHEESE,MUSHROOMS,ONIONS,SAUSAGE,BLACK_OLIVES,SARDINES
2138865262239785911,November 3, 2015,Vanessa,Erin,8614,Hampton,Spring Field,New Cicily,Big Green,ONIONS,BLACK_OLIVES,GREEN_PEPPERS,SPINACH,JALAPENOS,SARDINES
2138865262239785911,November 3, 2015,Vanessa,Erin,8614,Hampton,Spring Field,New Cicily,Funky Medina,CHEESE,EXTRA_CHEESE,MUSHROOMS,ONIONS,SAUSAGE,BLACK_OLIVES,SARDINES
2138865262239785912,November 3, 2015,Suzanne,Philip,4384,Hemlock,Spring Field,New Cicily,Funky Medina,CHEESE,EXTRA_CHEESE,MUSHROOMS,ONIONS,SAUSAGE,BLACK_OLIVES,SARDINES
2138865262239785912,November 3, 2015,Suzanne,Philip,4384,Hemlock,Spring Field,New Cicily,Spicy MEAT,CHEESE,PEPPERONI,SAUSAGE,BACON,JALAPENOS,JALAPENOS
2138865262239785912,November 3, 2015,Suzanne,Philip,4384,Hemlock,Spring Field,New Cicily,Stinky,CHEESE,ONIONS,EXTRA_CHEESE,GREEN_PEPPERS,JALAPENOS,SAUSAGE
2138865262239785913,November 3, 2015,Tommy,Darius,20909,Church,Spring Field,New Cicily,Stinky,CHEESE,ONIONS,EXTRA_CHEESE,GREEN_PEPPERS,JALAPENOS,SAUSAGE
2138865262239785913,November 3, 2015,Tommy,Darius,20909,Church,Spring Field,New Cicily,Stinky,CHEESE,ONIONS,EXTRA_CHEESE,GREEN_PEPPERS,JALAPENOS,SAUSAGE
2138865262239785913,November 3, 2015,Tommy,Darius,20909,Church,Spring Field,New Cicily,Big Green,ONIONS,BLACK_OLIVES,GREEN_PEPPERS,SPINACH,JALAPENOS,SARDINES
2138865262239785914,November 3, 2015,Maureen,Nevaeh,2360,Pinon,Spring Field,New Cicily,Spicy MEAT,CHEESE,PEPPERONI,SAUSAGE,BACON,JALAPENOS,JALAPENOS
2138865262239785915,November 3, 2015,Vanessa,Robin,15865,Broadway,Spring Field,New Cicily,MEAT,CHEESE,PEPPERONI,SAUSAGE,BACON
2138865262239785915,November 3, 2015,Vanessa,Robin,15865,Broadway,Spring Field,New Cicily,Big Green,ONIONS,BLACK_OLIVES,GREEN_PEPPERS,SPINACH,JALAPENOS,SARDINES
2138865262239785916,November 3, 2015,Suzanne,Martha,4584,Center,Spring Field,New Cicily,Funky Medina,CHEESE,EXTRA_CHEESE,MUSHROOMS,ONIONS,SAUSAGE,BLACK_OLIVES,SARDINES
2138865262239785916,November 3, 2015,Suzanne,Martha,4584,Center,Spring Field,New Cicily,Funky Medina,CHEESE,EXTRA_CHEESE,MUSHROOMS,ONIONS,SAUSAGE,BLACK_OLIVES,SARDINES
2138865262239785916,November 3, 2015,Suzanne,Martha,4584,Center,Spring Field,New Cicily,Big Green,ONIONS,BLACK_OLIVES,GREEN_PEPPERS,SPINACH,JALAPENOS,SARDINES
2138865262239785917,November 3, 2015,Timothy,Rick,12562,Seventh,Spring Field,New Cicily,Big Green,ONIONS,BLACK_OLIVES,GREEN_PEPPERS,SPINACH,JALAPENOS,SARDINES
2138865262239785917,November 3, 2015,Timothy,Rick,12562,Seventh,Spring Field,New Cicily,MEAT,CHEESE,PEPPERONI,SAUSAGE,BACON
2138865262239785917,November 3, 2015,Timothy,Rick,12562,Seventh,Spring Field,New Cicily,Funky Medina,CHEESE,EXTRA_CHEESE,MUSHROOMS,ONIONS,SAUSAGE,BLACK_OLIVES,SARDINES
2138865262239785918,November 3, 2015,Valerie,Tonya,14851,Williams,Spring Field,New Cicily,Big Green,ONIONS,BLACK_OLIVES,GREEN_PEPPERS,SPINACH,JALAPENOS,SARDINES
2138865262239785918,November 3, 2015,Valerie,Tonya,14851,Williams,Spring Field,New Cicily,Stinky,CHEESE,ONIONS,EXTRA_CHEESE,GREEN_PEPPERS,JALAPENOS,SAUSAGE
2138865262239785919,November 3, 2015,Ann,Jennifer,22121,Ridge,Spring Field,New Cicily,Spicy MEAT,CHEESE,PEPPERONI,SAUSAGE,BACON,JALAPENOS,JALAPENOS
2138865262239785920,November 3, 2015,Ann,Amanda,6098,Thirteenth,Spring Field,New Cicily,Spicy MEAT,CHEESE,PEPPERONI,SAUSAGE,BACON,JALAPENOS,JALAPENOS
2138865262239785920,November 3, 2015,Ann,Amanda,6098,Thirteenth,Spring Field,New Cicily,Stinky,CHEESE,ONIONS,EXTRA_CHEESE,GREEN_PEPPERS,JALAPENOS,SAUSAGE
2138865262239785920,November 3, 2015,Ann,Amanda,6098,Thirteenth,Spring Field,New Cicily,Funky Medina,CHEESE,EXTRA_CHEESE,MUSHROOMS,ONIONS,SAUSAGE,BLACK_OLIVES,SARDINES
2138865262239785920,November 3, 2015,Ann,Amanda,6098,Thirteenth,Spring Field,New Cicily,Spicy MEAT,CHEESE,PEPPERONI,SAUSAGE,BACON,JALAPENOS,JALAPENOS
2138865262239785921,November 3, 2015,Suzanne,Derek,21315,Cypress,Spring Field,New Cicily,MEAT,CHEESE,PEPPERONI,SAUSAGE,BACON
2138865262239785921,November 3, 2015,Suzanne,Derek,21315,Cypress,Spring Field,New Cicily,MEAT,CHEESE,PEPPERONI,SAUSAGE,BACON
2138865262239785922,November 3, 2015,Maureen,Tabitha,8766,Hill,Spring Field,New Cicily,Funky Medina,CHEESE,EXTRA_CHEESE,MUSHROOMS,ONIONS,SAUSAGE,BLACK_OLIVES,SARDINES
2138865262239785922,November 3, 2015,Maureen,Tabitha,8766,Hill,Spring Field,New Cicily,MEAT,CHEESE,PEPPERONI,SAUSAGE,BACON
2138865262239785923,November 4, 2015,Anthony,Fred,17026,Navajo,Spring Field,New Cicily,MEAT,CHEESE,PEPPERONI,SAUSAGE,BACON
2138865262239785923,November 4, 2015,Anthony,Fred,17026,Navajo,Spring Field,New Cicily,Stinky,CHEESE,ONIONS,EXTRA_CHEESE,GREEN_PEPPERS,JALAPENOS,SAUSAGE
2138865262239785924,November 4, 2015,Timothy,Gerald,713,A,Spring Field,New Cicily,MEAT,CHEESE,PEPPERONI,SAUSAGE,BACON
2138865262239785925,November 4, 2015,Felicia,Leonard,28998,Lee,Spring Field,New Cicily,Big Green,ONIONS,BLACK_OLIVES,GREEN_PEPPERS,SPINACH,JALAPENOS,SARDINES
2138865262239785926,November 4, 2015,Timothy,Mark,18671,A,Spring Field,New Cicily,Big Green,ONIONS,BLACK_OLIVES,GREEN_PEPPERS,SPINACH,JALAPENOS,SARDINES
2138865262239785926,November 4, 2015,Timothy,Mark,18671,A,Spring Field,New Cicily,Spicy MEAT,CHEESE,PEPPERONI,SAUSAGE,BACON,JALAPENOS,JALAPENOS
2138865262239785927,November 4, 2015,Maureen,Stefanie,4172,Malulani,Spring Field,New Cicily,Stinky,CHEESE,ONIONS,EXTRA_CHEESE,GREEN_PEPPERS,JALAPENOS,SAUSAGE
2138865262239785927,November 4, 2015,Maureen,Stefanie,4172,Malulani,Spring Field,New Cicily,MEAT,CHEESE,PEPPERONI,SAUSAGE,BACON
2138865262239785928,November 4, 2015,Tommy,Brian,24768,Shore,Spring Field,New Cicily,MEAT,CHEESE,PEPPERONI,SAUSAGE,BACON
2138865262239785928,November 4, 2015,Tommy,Brian,24768,Shore,Spring Field,New Cicily,Spicy MEAT,CHEESE,PEPPERONI,SAUSAGE,BACON,JALAPENOS,JALAPENOS
2138865262239785929,November 4, 2015,Tommy,Amy,20397,Cypress,Spring Field,New Cicily,MEAT,CHEESE,PEPPERONI,SAUSAGE,BACON
2138865262239785930,November 4, 2015,Felicia,Gabriella,26567,Quail,Spring Field,New Cicily,Spicy MEAT,CHEESE,PEPPERONI,SAUSAGE,BACON,JALAPENOS,JALAPENOS
2138865262239785931,November 4, 2015,Valerie,Terri,29275,Kukui,Spring Field,New Cicily,Big Green,ONIONS,BLACK_OLIVES,GREEN_PEPPERS,SPINACH,JALAPENOS,SARDINES
2138865262239785931,November 4, 2015,Valerie,Terri,29275,Kukui,Spring Field,New Cicily,Big Green,ONIONS,BLACK_OLIVES,GREEN_PEPPERS,SPINACH,JALAPENOS,SARDINES
2138865262239785931,November 4, 2015,Valerie,Terri,29275,Kukui,Spring Field,New Cicily,Spicy MEAT,CHEESE,PEPPERONI,SAUSAGE,BACON,JALAPENOS,JALAPENOS
2138865262239785932,November 4, 2015,Tommy,Angie,16211,Evergreen,Spring Field,New Cicily,MEAT,CHEESE,PEPPERONI,SAUSAGE,BACON
2138865262239785933,November 4, 2015,Maureen,Christy,8568,Elm,Spring Field,New Cicily,Spicy MEAT,CHEESE,PEPPERONI,SAUSAGE,BACON,JALAPENOS,JALAPENOS
2138865262239785933,November 4, 2015,Maureen,Christy,8568,Elm,Spring Field,New Cicily,Funky Medina,CHEESE,EXTRA_CHEESE,MUSHROOMS,ONIONS,SAUSAGE,BLACK_OLIVES,SARDINES
2138865262239785933,November 4, 2015,Maureen,Christy,8568,Elm,Spring Field,New Cicily,Big Green,ONIONS,BLACK_OLIVES,GREEN_PEPPERS,SPINACH,JALAPENOS,SARDINES
2138865262239785934,November 4, 2015,Ann,Bruce,17505,Orchard,Spring Field,New Cicily,MEAT,CHEESE,PEPPERONI,SAUSAGE,BACON
2138865262239785934,November 4, 2015,Ann,Bruce,17505,Orchard,Spring Field,New Cicily,Spicy MEAT,CHEESE,PEPPERONI,SAUSAGE,BACON,JALAPENOS,JALAPENOS
2138865262239785934,November 4, 2015,Ann,Bruce,17505,Orchard,Spring Field,New Cicily,Big Green,ONIONS,BLACK_OLIVES,GREEN_PEPPERS,SPINACH,JALAPENOS,SARDINES
2138865262239785935,November 4, 2015,Ann,Brandon,26089,Church,Spring Field,New Cicily,Funky Medina,CHEESE,EXTRA_CHEESE,MUSHROOMS,ONIONS,SAUSAGE,BLACK_OLIVES,SARDINES
2138865262239785936,November 4, 2015,Anthony,Deborah,12421,Cedar,Spring Field,New Cicily,Spicy MEAT,CHEESE,PEPPERONI,SAUSAGE,BACON,JALAPENOS,JALAPENOS
2138865262239785936,November 4, 2015,Anthony,Deborah,12421,Cedar,Spring Field,New Cicily,MEAT,CHEESE,PEPPERONI,SAUSAGE,BACON
2138865262239785937,November 4, 2015,Timothy,Ernest,10400,Broadway,Spring Field,New Cicily,Spicy MEAT,CHEESE,PEPPERONI,SAUSAGE,BACON,JALAPENOS,JALAPENOS
2138865262239785937,November 4, 2015,Timothy,Ernest,10400,Broadway,Spring Field,New Cicily,Funky Medina,CHEESE,EXTRA_CHEESE,MUSHROOMS,ONIONS,SAUSAGE,BLACK_OLIVES,SARDINES
2138865262239785938,November 4, 2015,Timothy,Sandra,9195,Eleventh,Spring Field,New Cicily,Funky Medina,CHEESE,EXTRA_CHEESE,MUSHROOMS,ONIONS,SAUSAGE,BLACK_OLIVES,SARDINES
2138865262239785938,November 4, 2015,Timothy,Sandra,9195,Eleventh,Spring Field,New Cicily,Stinky,CHEESE,ONIONS,EXTRA_CHEESE,GREEN_PEPPERS,JALAPENOS,SAUSAGE
2138865262239785939,November 4, 2015,Valerie,Dominic,19412,Pine,Spring Field,New Cicily,Funky Medina,CHEESE,EXTRA_CHEESE,MUSHROOMS,ONIONS,SAUSAGE,BLACK_OLIVES,SARDINES
2138865262239785940,November 4, 2015,Valerie,Jeremy,9256,Aspen,Spring Field,New Cicily,Spicy MEAT,CHEESE,PEPPERONI,SAUSAGE,BACON,JALAPENOS,JALAPENOS
2138865262239785940,November 4, 2015,Valerie,Jeremy,9256,Aspen,Spring Field,New Cicily,Stinky,CHEESE,ONIONS,EXTRA_CHEESE,GREEN_PEPPERS,JALAPENOS,SAUSAGE
2138865262239785940,November 4, 2015,Valerie,Jeremy,9256,Aspen,Spring Field,New Cicily,MEAT,CHEESE,PEPPERONI,SAUSAGE,BACON
2138865262239785941,November 4, 2015,Felicia,Kevin,6887,Kahili,Spring Field,New Cicily,Stinky,CHEESE,ONIONS,EXTRA_CHEESE,GREEN_PEPPERS,JALAPENOS,SAUSAGE
2138865262239785941,November 4, 2015,Felicia,Kevin,6887,Kahili,Spring Field,New Cicily,Stinky,CHEESE,ONIONS,EXTRA_CHEESE,GREEN_PEPPERS,JALAPENOS,SAUSAGE
2138865262239785941,November 4, 2015,Felicia,Kevin,6887,Kahili,Spring Field,New Cicily,Stinky,CHEESE,ONIONS,EXTRA_CHEESE,GREEN_PEPPERS,JALAPENOS,SAUSAGE
2138865262239785942,November 4, 2015,Timothy,Jason,552,Spruce,Spring Field,New Cicily,Stinky,CHEESE,ONIONS,EXTRA_CHEESE,GREEN_PEPPERS,JALAPENOS,SAUSAGE
2138865262239785942,November 4, 2015,Timothy,Jason,552,Spruce,Spring Field,New Cicily,MEAT,CHEESE,PEPPERONI,SAUSAGE,BACON
2138865262239785942,November 4, 2015,Timothy,Jason,552,Spruce,Spring Field,New Cicily,MEAT,CHEESE,PEPPERONI,SAUSAGE,BACON
2138865262239785943,November 4, 2015,Vanessa,Anita,29683,Pioneer,Spring Field,New Cicily,Funky Medina,CHEESE,EXTRA_CHEESE,MUSHROOMS,ONIONS,SAUSAGE,BLACK_OLIVES,SARDINES
2138865262239785943,November 4, 2015,Vanessa,Anita,29683,Pioneer,Spring Field,New Cicily,Spicy MEAT,CHEESE,PEPPERONI,SAUSAGE,BACON,JALAPENOS,JALAPENOS
2138865262239785944,November 4, 2015,Felicia,Felicia,4082,Lincoln,Spring Field,New Cicily,Stinky,CHEESE,ONIONS,EXTRA_CHEESE,GREEN_PEPPERS,JALAPENOS,SAUSAGE
2138865262239785944,November 4, 2015,Felicia,Felicia,4082,Lincoln,Spring Field,New Cicily,Big Green,ONIONS,BLACK_OLIVES,GREEN_PEPPERS,SPINACH,JALAPENOS,SARDINES
2138865262239785945,November 4, 2015,Ann,Jesse,17607,Malulani,Spring Field,New Cicily,Funky Medina,CHEESE,EXTRA_CHEESE,MUSHROOMS,ONIONS,SAUSAGE,BLACK_OLIVES,SARDINES
2138865262239785945,November 4, 2015,Ann,Jesse,17607,Malulani,Spring Field,New Cicily,Funky Medina,CHEESE,EXTRA_CHEESE,MUSHROOMS,ONIONS,SAUSAGE,BLACK_OLIVES,SARDINES
2138865262239785945,November 4, 2015,Ann,Jesse,17607,Malulani,Spring Field,New Cicily,Big Green,ONIONS,BLACK_OLIVES,GREEN_PEPPERS,SPINACH,JALAPENOS,SARDINES
2138865262239785946,November 4, 2015,Tommy,Mason,10217,Shore,Spring Field,New Cicily,Spicy MEAT,CHEESE,PEPPERONI,SAUSAGE,BACON,JALAPENOS,JALAPENOS
2138865262239785946,November 4, 2015,Tommy,Mason,10217,Shore,Spring Field,New Cicily,MEAT,CHEESE,PEPPERONI,SAUSAGE,BACON
2138865262239785946,November 4, 2015,Tommy,Mason,10217,Shore,Spring Field,New Cicily,Spicy MEAT,CHEESE,PEPPERONI,SAUSAGE,BACON,JALAPENOS,JALAPENOS
2138865262239785947,November 4, 2015,Ann,Addison,3876,Malulani,Spring Field,New Cicily,Big Green,ONIONS,BLACK_OLIVES,GREEN_PEPPERS,SPINACH,JALAPENOS,SARDINES
2138865262239785947,November 4, 2015,Ann,Addison,3876,Malulani,Spring Field,New Cicily,Big Green,ONIONS,BLACK_OLIVES,GREEN_PEPPERS,SPINACH,JALAPENOS,SARDINES
2138865262239785947,November 4, 2015,Ann,Addison,3876,Malulani,Spring Field,New Cicily,MEAT,CHEESE,PEPPERONI,SAUSAGE,BACON
2138865262239785947,November 4, 2015,Ann,Addison,3876,Malulani,Spring Field,New Cicily,MEAT,CHEESE,PEPPERONI,SAUSAGE,BACON
2138865262239785948,November 4, 2015,Maureen,Desiree,10356,Quail,Spring Field,New Cicily,Funky Medina,CHEESE,EXTRA_CHEESE,MUSHROOMS,ONIONS,SAUSAGE,BLACK_OLIVES,SARDINES
2138865262239785948,November 4, 2015,Maureen,Desiree,10356,Quail,Spring Field,New Cicily,MEAT,CHEESE,PEPPERONI,SAUSAGE,BACON
2138865262239785949,November 4, 2015,Maureen,Geraldine,18247,Mountain View,Spring Field,New Cicily,Big Green,ONIONS,BLACK_OLIVES,GREEN_PEPPERS,SPINACH,JALAPENOS,SARDINES
2138865262239785949,November 4, 2015,Maureen,Geraldine,18247,Mountain View,Spring Field,New Cicily,MEAT,CHEESE,PEPPERONI,SAUSAGE,BACON
2138865262239785950,November 4, 2015,Felicia,Courtney,10966,Holly,Spring Field,New Cicily,Funky Medina,CHEESE,EXTRA_CHEESE,MUSHROOMS,ONIONS,SAUSAGE,BLACK_OLIVES,SARDINES
2138865262239785950,November 4, 2015,Felicia,Courtney,10966,Holly,Spring Field,New Cicily,MEAT,CHEESE,PEPPERONI,SAUSAGE,BACON
2138865262239785950,November 4, 2015,Felicia,Courtney,10966,Holly,Spring Field,New Cicily,Spicy MEAT,CHEESE,PEPPERONI,SAUSAGE,BACON,JALAPENOS,JALAPENOS
2138865262239785951,November 4, 2015,Maureen,Andre,8446,Apache,Spring Field,New Cicily,Funky Medina,CHEESE,EXTRA_CHEESE,MUSHROOMS,ONIONS,SAUSAGE,BLACK_OLIVES,SARDINES
2138865262239785951,November 4, 2015,Maureen,Andre,8446,Apache,Spring Field,New Cicily,Big Green,ONIONS,BLACK_OLIVES,GREEN_PEPPERS,SPINACH,JALAPENOS,SARDINES
2138865262239785952,November 4, 2015,Anthony,Roger,24368,West,Spring Field,New Cicily,MEAT,CHEESE,PEPPERONI,SAUSAGE,BACON
2138865262239785953,November 4, 2015,Tommy,Keith,22968,Elm,Spring Field,New Cicily,Funky Medina,CHEESE,EXTRA_CHEESE,MUSHROOMS,ONIONS,SAUSAGE,BLACK_OLIVES,SARDINES
2138865262239785953,November 4, 2015,Tommy,Keith,22968,Elm,Spring Field,New Cicily,Funky Medina,CHEESE,EXTRA_CHEESE,MUSHROOMS,ONIONS,SAUSAGE,BLACK_OLIVES,SARDINES
2138865262239785954,November 4, 2015,Ann,Ashley,5455,Fifth,Spring Field,New Cicily,Funky Medina,CHEESE,EXTRA_CHEESE,MUSHROOMS,ONIONS,SAUSAGE,BLACK_OLIVES,SARDINES
2138865262239785954,November 4, 2015,Ann,Ashley,5455,Fifth,Spring Field,New Cicily,Spicy MEAT,CHEESE,PEPPERONI,SAUSAGE,BACON,JALAPENOS,JALAPENOS
2138865262239785954,November 4, 2015,Ann,Ashley,5455,Fifth,Spring Field,New Cicily,Spicy MEAT,CHEESE,PEPPERONI,SAUSAGE,BACON,JALAPENOS,JALAPENOS
2138865262239785954,November 4, 2015,Ann,Ashley,5455,Fifth,Spring Field,New Cicily,Stinky,CHEESE,ONIONS,EXTRA_CHEESE,GREEN_PEPPERS,JALAPENOS,SAUSAGE
2138865262239785955,November 4, 2015,Vanessa,Stanley,8768,Pine,Spring Field,New Cicily,Funky Medina,CHEESE,EXTRA_CHEESE,MUSHROOMS,ONIONS,SAUSAGE,BLACK_OLIVES,SARDINES
2138865262239785955,November 4, 2015,Vanessa,Stanley,8768,Pine,Spring Field,New Cicily,MEAT,CHEESE,PEPPERONI,SAUSAGE,BACON
2138865262239785955,November 4, 2015,Vanessa,Stanley,8768,Pine,Spring Field,New Cicily,Stinky,CHEESE,ONIONS,EXTRA_CHEESE,GREEN_PEPPERS,JALAPENOS,SAUSAGE
2138865262239785955,November 4, 2015,Vanessa,Stanley,8768,Pine,Spring Field,New Cicily,Big Green,ONIONS,BLACK_OLIVES,GREEN_PEPPERS,SPINACH,JALAPENOS,SARDINES
2138865262239785956,November 4, 2015,Tommy,Caleb,29935,Pecan,Spring Field,New Cicily,MEAT,CHEESE,PEPPERONI,SAUSAGE,BACON
2138865262239785956,November 4, 2015,Tommy,Caleb,29935,Pecan,Spring Field,New Cicily,Funky Medina,CHEESE,EXTRA_CHEESE,MUSHROOMS,ONIONS,SAUSAGE,BLACK_OLIVES,SARDINES
2138865262239785956,November 4, 2015,Tommy,Caleb,29935,Pecan,Spring Field,New Cicily,Spicy MEAT,CHEESE,PEPPERONI,SAUSAGE,BACON,JALAPENOS,JALAPENOS
2138865262239785956,November 4, 2015,Tommy,Caleb,29935,Pecan,Spring Field,New Cicily,MEAT,CHEESE,PEPPERONI,SAUSAGE,BACON
2138865262239785957,November 4, 2015,Tommy,Christopher,26012,Second,Spring Field,New Cicily,Funky Medina,CHEESE,EXTRA_CHEESE,MUSHROOMS,ONIONS,SAUSAGE,BLACK_OLIVES,SARDINES
2138865262239785958,November 4, 2015,Valerie,Alan,27565,Twelfth,Spring Field,New Cicily,Funky Medina,CHEESE,EXTRA_CHEESE,MUSHROOMS,ONIONS,SAUSAGE,BLACK_OLIVES,SARDINES
2138865262239785958,November 4, 2015,Valerie,Alan,27565,Twelfth,Spring Field,New Cicily,Spicy MEAT,CHEESE,PEPPERONI,SAUSAGE,BACON,JALAPENOS,JALAPENOS
2138865262239785958,November 4, 2015,Valerie,Alan,27565,Twelfth,Spring Field,New Cicily,Spicy MEAT,CHEESE,PEPPERONI,SAUSAGE,BACON,JALAPENOS,JALAPENOS
2138865262239785959,November 4, 2015,Ann,Madeline,19368,Lake,Spring Field,New Cicily,Big Green,ONIONS,BLACK_OLIVES,GREEN_PEPPERS,SPINACH,JALAPENOS,SARDINES
2138865262239785959,November 4, 2015,Ann,Madeline,19368,Lake,Spring Field,New Cicily,Stinky,CHEESE,ONIONS,EXTRA_CHEESE,GREEN_PEPPERS,JALAPENOS,SAUSAGE
2138865262239785959,November 4, 2015,Ann,Madeline,19368,Lake,Spring Field,New Cicily,MEAT,CHEESE,PEPPERONI,SAUSAGE,BACON
2138865262239785960,November 4, 2015,Tommy,Felicia,14382,Cypress,Spring Field,New Cicily,Big Green,ONIONS,BLACK_OLIVES,GREEN_PEPPERS,SPINACH,JALAPENOS,SARDINES
2138865262239785960,November 4, 2015,Tommy,Felicia,14382,Cypress,Spring Field,New Cicily,MEAT,CHEESE,PEPPERONI,SAUSAGE,BACON
2138865262239785960,November 4, 2015,Tommy,Felicia,14382,Cypress,Spring Field,New Cicily,MEAT,CHEESE,PEPPERONI,SAUSAGE,BACON
2138865262239785961,November 4, 2015,Ann,Lester,9890,Smith,Spring Field,New Cicily,Stinky,CHEESE,ONIONS,EXTRA_CHEESE,GREEN_PEPPERS,JALAPENOS,SAUSAGE
2138865262239785961,November 4, 2015,Ann,Lester,9890,Smith,Spring Field,New Cicily,Stinky,CHEESE,ONIONS,EXTRA_CHEESE,GREEN_PEPPERS,JALAPENOS,SAUSAGE
2138865262239785961,November 4, 2015,Ann,Lester,9890,Smith,Spring Field,New Cicily,Spicy MEAT,CHEESE,PEPPERONI,SAUSAGE,BACON,JALAPENOS,JALAPENOS
2138865262239785962,November 4, 2015,Timothy,Garrett,2086,Park,Spring Field,New Cicily,MEAT,CHEESE,PEPPERONI,SAUSAGE,BACON
2138865262239785962,November 4, 2015,Timothy,Garrett,2086,Park,Spring Field,New Cicily,Funky Medina,CHEESE,EXTRA_CHEESE,MUSHROOMS,ONIONS,SAUSAGE,BLACK_OLIVES,SARDINES
2138865262239785962,November 4, 2015,Timothy,Garrett,2086,Park,Spring Field,New Cicily,Spicy MEAT,CHEESE,PEPPERONI,SAUSAGE,BACON,JALAPENOS,JALAPENOS
2138865262239785963,November 4, 2015,Tommy,Cassidy,20705,Hampton,Spring Field,New Cicily,Stinky,CHEESE,ONIONS,EXTRA_CHEESE,GREEN_PEPPERS,JALAPENOS,SAUSAGE
2138865262239785963,November 4, 2015,Tommy,Cassidy,20705,Hampton,Spring Field,New Cicily,Spicy MEAT,CHEESE,PEPPERONI,SAUSAGE,BACON,JALAPENOS,JALAPENOS
2138865262239785963,November 4, 2015,Tommy,Cassidy,20705,Hampton,Spring Field,New Cicily,Stinky,CHEESE,ONIONS,EXTRA_CHEESE,GREEN_PEPPERS,JALAPENOS,SAUSAGE
2138865262239785964,November 4, 2015,Anthony,Shane,16041,Hemlock,Spring Field,New Cicily,MEAT,CHEESE,PEPPERONI,SAUSAGE,BACON
2138865262239785964,November 4, 2015,Anthony,Shane,16041,Hemlock,Spring Field,New Cicily,MEAT,CHEESE,PEPPERONI,SAUSAGE,BACON
2138865262239785964,November 4, 2015,Anthony,Shane,16041,Hemlock,Spring Field,New Cicily,Stinky,CHEESE,ONIONS,EXTRA_CHEESE,GREEN_PEPPERS,JALAPENOS,SAUSAGE
2138865262239785965,November 5, 2015,Ann,Alan,2410,Elm,Spring Field,New Cicily,Big Green,ONIONS,BLACK_OLIVES,GREEN_PEPPERS,SPINACH,JALAPENOS,SARDINES
2138865262239785965,November 5, 2015,Ann,Alan,2410,Elm,Spring Field,New Cicily,Funky Medina,CHEESE,EXTRA_CHEESE,MUSHROOMS,ONIONS,SAUSAGE,BLACK_OLIVES,SARDINES
2138865262239785965,November 5, 2015,Ann,Alan,2410,Elm,Spring Field,New Cicily,Spicy MEAT,CHEESE,PEPPERONI,SAUSAGE,BACON,JALAPENOS,JALAPENOS
2138865262239785966,November 5, 2015,Tommy,Fredrick,6319,Fifth,Spring Field,New Cicily,Funky Medina,CHEESE,EXTRA_CHEESE,MUSHROOMS,ONIONS,SAUSAGE,BLACK_OLIVES,SARDINES
2138865262239785966,November 5, 2015,Tommy,Fredrick,6319,Fifth,Spring Field,New Cicily,MEAT,CHEESE,PEPPERONI,SAUSAGE,BACON
2138865262239785966,November 5, 2015,Tommy,Fredrick,6319,Fifth,Spring Field,New Cicily,MEAT,CHEESE,PEPPERONI,SAUSAGE,BACON
2138865262239785966,November 5, 2015,Tommy,Fredrick,6319,Fifth,Spring Field,New Cicily,Big Green,ONIONS,BLACK_OLIVES,GREEN_PEPPERS,SPINACH,JALAPENOS,SARDINES
2138865262239785967,November 5, 2015,Tommy,Brittney,10528,Cottonwood,Spring Field,New Cicily,Stinky,CHEESE,ONIONS,EXTRA_CHEESE,GREEN_PEPPERS,JALAPENOS,SAUSAGE
2138865262239785967,November 5, 2015,Tommy,Brittney,10528,Cottonwood,Spring Field,New Cicily,MEAT,CHEESE,PEPPERONI,SAUSAGE,BACON
2138865262239785968,November 5, 2015,Felicia,Leonard,28319,Ridge,Spring Field,New Cicily,MEAT,CHEESE,PEPPERONI,SAUSAGE,BACON
2138865262239785968,November 5, 2015,Felicia,Leonard,28319,Ridge,Spring Field,New Cicily,MEAT,CHEESE,PEPPERONI,SAUSAGE,BACON
2138865262239785968,November 5, 2015,Felicia,Leonard,28319,Ridge,Spring Field,New Cicily,Big Green,ONIONS,BLACK_OLIVES,GREEN_PEPPERS,SPINACH,JALAPENOS,SARDINES
2138865262239785969,November 5, 2015,Felicia,Daryl,21579,Hickory,Spring Field,New Cicily,Stinky,CHEESE,ONIONS,EXTRA_CHEESE,GREEN_PEPPERS,JALAPENOS,SAUSAGE
2138865262239785969,November 5, 2015,Felicia,Daryl,21579,Hickory,Spring Field,New Cicily,Stinky,CHEESE,ONIONS,EXTRA_CHEESE,GREEN_PEPPERS,JALAPENOS,SAUSAGE
2138865262239785970,November 5, 2015,Anthony,Bridget,9062,Hampton,Spring Field,New Cicily,Spicy MEAT,CHEESE,PEPPERONI,SAUSAGE,BACON,JALAPENOS,JALAPENOS
2138865262239785971,November 5, 2015,Vanessa,Kenneth,17415,Cherry,Spring Field,New Cicily,Spicy MEAT,CHEESE,PEPPERONI,SAUSAGE,BACON,JALAPENOS,JALAPENOS
2138865262239785971,November 5, 2015,Vanessa,Kenneth,17415,Cherry,Spring Field,New Cicily,Stinky,CHEESE,ONIONS,EXTRA_CHEESE,GREEN_PEPPERS,JALAPENOS,SAUSAGE
2138865262239785972,November 5, 2015,Anthony,Marvin,15292,Wilson,Spring Field,New Cicily,MEAT,CHEESE,PEPPERONI,SAUSAGE,BACON
2138865262239785973,November 5, 2015,Valerie,Chelsea,17284,Evergreen,Spring Field,New Cicily,Funky Medina,CHEESE,EXTRA_CHEESE,MUSHROOMS,ONIONS,SAUSAGE,BLACK_OLIVES,SARDINES
2138865262239785973,November 5, 2015,Valerie,Chelsea,17284,Evergreen,Spring Field,New Cicily,MEAT,CHEESE,PEPPERONI,SAUSAGE,BACON
2138865262239785974,November 5, 2015,Ann,Erin,23236,Holly,Spring Field,New Cicily,MEAT,CHEESE,PEPPERONI,SAUSAGE,BACON
2138865262239785975,November 5, 2015,Maureen,Leslie,4209,Airport,Spring Field,New Cicily,Spicy MEAT,CHEESE,PEPPERONI,SAUSAGE,BACON,JALAPENOS,JALAPENOS
2138865262239785975,November 5, 2015,Maureen,Leslie,4209,Airport,Spring Field,New Cicily,Funky Medina,CHEESE,EXTRA_CHEESE,MUSHROOMS,ONIONS,SAUSAGE,BLACK_OLIVES,SARDINES
2138865262239785975,November 5, 2015,Maureen,Leslie,4209,Airport,Spring Field,New Cicily,Stinky,CHEESE,ONIONS,EXTRA_CHEESE,GREEN_PEPPERS,JALAPENOS,SAUSAGE
2138865262239785975,November 5, 2015,Maureen,Leslie,4209,Airport,Spring Field,New Cicily,Big Green,ONIONS,BLACK_OLIVES,GREEN_PEPPERS,SPINACH,JALAPENOS,SARDINES
2138865262239785976,November 5, 2015,Felicia,Eric,9251,Meadow,Spring Field,New Cicily,Funky Medina,CHEESE,EXTRA_CHEESE,MUSHROOMS,ONIONS,SAUSAGE,BLACK_OLIVES,SARDINES
2138865262239785976,November 5, 2015,Felicia,Eric,9251,Meadow,Spring Field,New Cicily,Funky Medina,CHEESE,EXTRA_CHEESE,MUSHROOMS,ONIONS,SAUSAGE,BLACK_OLIVES,SARDINES
2138865262239785977,November 5, 2015,Timothy,Krista,6645,Magnolia,Spring Field,New Cicily,Spicy MEAT,CHEESE,PEPPERONI,SAUSAGE,BACON,JALAPENOS,JALAPENOS
2138865262239785977,November 5, 2015,Timothy,Krista,6645,Magnolia,Spring Field,New Cicily,Spicy MEAT,CHEESE,PEPPERONI,SAUSAGE,BACON,JALAPENOS,JALAPENOS
2138865262239785978,November 5, 2015,Timothy,Mary,1747,Jackson,Spring Field,New Cicily,MEAT,CHEESE,PEPPERONI,SAUSAGE,BACON
2138865262239785978,November 5, 2015,Timothy,Mary,1747,Jackson,Spring Field,New Cicily,Funky Medina,CHEESE,EXTRA_CHEESE,MUSHROOMS,ONIONS,SAUSAGE,BLACK_OLIVES,SARDINES
2138865262239785979,November 5, 2015,Felicia,Andre,6295,Magnolia,Spring Field,New Cicily,MEAT,CHEESE,PEPPERONI,SAUSAGE,BACON
2138865262239785979,November 5, 2015,Felicia,Andre,6295,Magnolia,Spring Field,New Cicily,Stinky,CHEESE,ONIONS,EXTRA_CHEESE,GREEN_PEPPERS,JALAPENOS,SAUSAGE
2138865262239785979,November 5, 2015,Felicia,Andre,6295,Magnolia,Spring Field,New Cicily,Big Green,ONIONS,BLACK_OLIVES,GREEN_PEPPERS,SPINACH,JALAPENOS,SARDINES
2138865262239785979,November 5, 2015,Felicia,Andre,6295,Magnolia,Spring Field,New Cicily,MEAT,CHEESE,PEPPERONI,SAUSAGE,BACON
2138865262239785980,November 5, 2015,Timothy,Keith,7062,Elm,Spring Field,New Cicily,MEAT,CHEESE,PEPPERONI,SAUSAGE,BACON
2138865262239785980,November 5, 2015,Timothy,Keith,7062,Elm,Spring Field,New Cicily,Stinky,CHEESE,ONIONS,EXTRA_CHEESE,GREEN_PEPPERS,JALAPENOS,SAUSAGE
2138865262239785980,November 5, 2015,Timothy,Keith,7062,Elm,Spring Field,New Cicily,Spicy MEAT,CHEESE,PEPPERONI,SAUSAGE,BACON,JALAPENOS,JALAPENOS
2138865262239785981,November 5, 2015,Valerie,Garry,13147,Pleasant,Spring Field,New Cicily,Big Green,ONIONS,BLACK_OLIVES,GREEN_PEPPERS,SPINACH,JALAPENOS,SARDINES
2138865262239785981,November 5, 2015,Valerie,Garry,13147,Pleasant,Spring Field,New Cicily,Spicy MEAT,CHEESE,PEPPERONI,SAUSAGE,BACON,JALAPENOS,JALAPENOS
2138865262239785981,November 5, 2015,Valerie,Garry,13147,Pleasant,Spring Field,New Cicily,Stinky,CHEESE,ONIONS,EXTRA_CHEESE,GREEN_PEPPERS,JALAPENOS,SAUSAGE
2138865262239785982,November 5, 2015,Valerie,Bernard,19302,Park,Spring Field,New Cicily,Funky Medina,CHEESE,EXTRA_CHEESE,MUSHROOMS,ONIONS,SAUSAGE,BLACK_OLIVES,SARDINES
2138865262239785982,November 5, 2015,Valerie,Bernard,19302,Park,Spring Field,New Cicily,Stinky,CHEESE,ONIONS,EXTRA_CHEESE,GREEN_PEPPERS,JALAPENOS,SAUSAGE
2138865262239785982,November 5, 2015,Valerie,Bernard,19302,Park,Spring Field,New Cicily,Stinky,CHEESE,ONIONS,EXTRA_CHEESE,GREEN_PEPPERS,JALAPENOS,SAUSAGE
2138865262239785983,November 5, 2015,Anthony,Sean,11579,Palo Verde,Spring Field,New Cicily,Stinky,CHEESE,ONIONS,EXTRA_CHEESE,GREEN_PEPPERS,JALAPENOS,SAUSAGE
2138865262239785983,November 5, 2015,Anthony,Sean,11579,Palo Verde,Spring Field,New Cicily,Funky Medina,CHEESE,EXTRA_CHEESE,MUSHROOMS,ONIONS,SAUSAGE,BLACK_OLIVES,SARDINES
2138865262239785984,November 5, 2015,Anthony,Victoria,18835,Malulani,Spring Field,New Cicily,Spicy MEAT,CHEESE,PEPPERONI,SAUSAGE,BACON,JALAPENOS,JALAPENOS
2138865262239785984,November 5, 2015,Anthony,Victoria,18835,Malulani,Spring Field,New Cicily,Spicy MEAT,CHEESE,PEPPERONI,SAUSAGE,BACON,JALAPENOS,JALAPENOS
2138865262239785984,November 5, 2015,Anthony,Victoria,18835,Malulani,Spring Field,New Cicily,MEAT,CHEESE,PEPPERONI,SAUSAGE,BACON
2138865262239785985,November 5, 2015,Maureen,Rebecca,6887,Pecan,Spring Field,New Cicily,Spicy MEAT,CHEESE,PEPPERONI,SAUSAGE,BACON,JALAPENOS,JALAPENOS
2138865262239785986,November 5, 2015,Vanessa,Isabella,11331,Walnut,Spring Field,New Cicily,Big Green,ONIONS,BLACK_OLIVES,GREEN_PEPPERS,SPINACH,JALAPENOS,SARDINES
2138865262239785986,November 5, 2015,Vanessa,Isabella,11331,Walnut,Spring Field,New Cicily,Funky Medina,CHEESE,EXTRA_CHEESE,MUSHROOMS,ONIONS,SAUSAGE,BLACK_OLIVES,SARDINES
2138865262239785987,November 5, 2015,Tommy,Terrance,23556,Lincoln,Spring Field,New Cicily,Big Green,ONIONS,BLACK_OLIVES,GREEN_PEPPERS,SPINACH,JALAPENOS,SARDINES
2138865262239785987,November 5, 2015,Tommy,Terrance,23556,Lincoln,Spring Field,New Cicily,Spicy MEAT,CHEESE,PEPPERONI,SAUSAGE,BACON,JALAPENOS,JALAPENOS
2138865262239785987,November 5, 2015,Tommy,Terrance,23556,Lincoln,Spring Field,New Cicily,MEAT,CHEESE,PEPPERONI,SAUSAGE,BACON
2138865262239785988,November 5, 2015,Ann,Vernon,29614,Redwood,Spring Field,New Cicily,MEAT,CHEESE,PEPPERONI,SAUSAGE,BACON
2138865262239785988,November 5, 2015,Ann,Vernon,29614,Redwood,Spring Field,New Cicily,Funky Medina,CHEESE,EXTRA_CHEESE,MUSHROOMS,ONIONS,SAUSAGE,BLACK_OLIVES,SARDINES
2138865262239785989,November 5, 2015,Felicia,Terry,10614,Quail,Spring Field,New Cicily,MEAT,CHEESE,PEPPERONI,SAUSAGE,BACON
2138865262239785989,November 5, 2015,Felicia,Terry,10614,Quail,Spring Field,New Cicily,MEAT,CHEESE,PEPPERONI,SAUSAGE,BACON
2138865262239785990,November 5, 2015,Timothy,Tiffany,29242,County Line,Spring Field,New Cicily,Funky Medina,CHEESE,EXTRA_CHEESE,MUSHROOMS,ONIONS,SAUSAGE,BLACK_OLIVES,SARDINES
2138865262239785990,November 5, 2015,Timothy,Tiffany,29242,County Line,Spring Field,New Cicily,Funky Medina,CHEESE,EXTRA_CHEESE,MUSHROOMS,ONIONS,SAUSAGE,BLACK_OLIVES,SARDINES
2138865262239785991,November 5, 2015,Valerie,Sarah,23117,Oak,Spring Field,New Cicily,Stinky,CHEESE,ONIONS,EXTRA_CHEESE,GREEN_PEPPERS,JALAPENOS,SAUSAGE
2138865262239785991,November 5, 2015,Valerie,Sarah,23117,Oak,Spring Field,New Cicily,Spicy MEAT,CHEESE,PEPPERONI,SAUSAGE,BACON,JALAPENOS,JALAPENOS
2138865262239785991,November 5, 2015,Valerie,Sarah,23117,Oak,Spring Field,New Cicily,MEAT,CHEESE,PEPPERONI,SAUSAGE,BACON
2138865262239785992,November 5, 2015,Maureen,Joanne,29830,Johnson,Spring Field,New Cicily,Spicy MEAT,CHEESE,PEPPERONI,SAUSAGE,BACON,JALAPENOS,JALAPENOS
2138865262239785993,November 5, 2015,Vanessa,Terry,8307,West,Spring Field,New Cicily,Stinky,CHEESE,ONIONS,EXTRA_CHEESE,GREEN_PEPPERS,JALAPENOS,SAUSAGE
2138865262239785993,November 5, 2015,Vanessa,Terry,8307,West,Spring Field,New Cicily,Stinky,CHEESE,ONIONS,EXTRA_CHEESE,GREEN_PEPPERS,JALAPENOS,SAUSAGE
2138865262239785994,November 5, 2015,Tommy,Brian,18402,Mesquite,Spring Field,New Cicily,Spicy MEAT,CHEESE,PEPPERONI,SAUSAGE,BACON,JALAPENOS,JALAPENOS
2138865262239785995,November 5, 2015,Tommy,Ricardo,19875,Quail,Spring Field,New Cicily,Funky Medina,CHEESE,EXTRA_CHEESE,MUSHROOMS,ONIONS,SAUSAGE,BLACK_OLIVES,SARDINES
2138865262239785995,November 5, 2015,Tommy,Ricardo,19875,Quail,Spring Field,New Cicily,MEAT,CHEESE,PEPPERONI,SAUSAGE,BACON
2138865262239785996,November 5, 2015,Tommy,Brett,5632,Kansas,Spring Field,New Cicily,Spicy MEAT,CHEESE,PEPPERONI,SAUSAGE,BACON,JALAPENOS,JALAPENOS
2138865262239785996,November 5, 2015,Tommy,Brett,5632,Kansas,Spring Field,New Cicily,MEAT,CHEESE,PEPPERONI,SAUSAGE,BACON
2138865262239785997,November 5, 2015,Ann,Patrick,28358,Hillside,Spring Field,New Cicily,Funky Medina,CHEESE,EXTRA_CHEESE,MUSHROOMS,ONIONS,SAUSAGE,BLACK_OLIVES,SARDINES
2138865262239785997,November 5, 2015,Ann,Patrick,28358,Hillside,Spring Field,New Cicily,Big Green,ONIONS,BLACK_OLIVES,GREEN_PEPPERS,SPINACH,JALAPENOS,SARDINES
2138865262239785997,November 5, 2015,Ann,Patrick,28358,Hillside,Spring Field,New Cicily,Funky Medina,CHEESE,EXTRA_CHEESE,MUSHROOMS,ONIONS,SAUSAGE,BLACK_OLIVES,SARDINES
2138865262239785998,November 5, 2015,Vanessa,Harold,20269,Hickory,Spring Field,New Cicily,Stinky,CHEESE,ONIONS,EXTRA_CHEESE,GREEN_PEPPERS,JALAPENOS,SAUSAGE
2138865262239785998,November 5, 2015,Vanessa,Harold,20269,Hickory,Spring Field,New Cicily,Stinky,CHEESE,ONIONS,EXTRA_CHEESE,GREEN_PEPPERS,JALAPENOS,SAUSAGE
2138865262239785999,November 5, 2015,Timothy,Denise,5033,Maple,Spring Field,New Cicily,MEAT,CHEESE,PEPPERONI,SAUSAGE,BACON
2138865262239785999,November 5, 2015,Timothy,Denise,5033,Maple,Spring Field,New Cicily,Spicy MEAT,CHEESE,PEPPERONI,SAUSAGE,BACON,JALAPENOS,JALAPENOS
2138865262239786000,November 5, 2015,Anthony,Harry,20488,Lincoln,Spring Field,New Cicily,Stinky,CHEESE,ONIONS,EXTRA_CHEESE,GREEN_PEPPERS,JALAPENOS,SAUSAGE
2138865262239786000,November 5, 2015,Anthony,Harry,20488,Lincoln,Spring Field,New Cicily,MEAT,CHEESE,PEPPERONI,SAUSAGE,BACON
2138865262239786000,November 5, 2015,Anthony,Harry,20488,Lincoln,Spring Field,New Cicily,Funky Medina,CHEESE,EXTRA_CHEESE,MUSHROOMS,ONIONS,SAUSAGE,BLACK_OLIVES,SARDINES
2138865262239786001,November 5, 2015,Anthony,Arthur,15124,Columbine,Spring Field,New Cicily,Stinky,CHEESE,ONIONS,EXTRA_CHEESE,GREEN_PEPPERS,JALAPENOS,SAUSAGE
2138865262239786002,November 5, 2015,Maureen,Anthony,8323,Ninth,Spring Field,New Cicily,Big Green,ONIONS,BLACK_OLIVES,GREEN_PEPPERS,SPINACH,JALAPENOS,SARDINES
2138865262239786002,November 5, 2015,Maureen,Anthony,8323,Ninth,Spring Field,New Cicily,Big Green,ONIONS,BLACK_OLIVES,GREEN_PEPPERS,SPINACH,JALAPENOS,SARDINES
2138865262239786003,November 5, 2015,Timothy,Derrick,20760,Quail,Spring Field,New Cicily,MEAT,CHEESE,PEPPERONI,SAUSAGE,BACON
2138865262239786003,November 5, 2015,Timothy,Derrick,20760,Quail,Spring Field,New Cicily,Funky Medina,CHEESE,EXTRA_CHEESE,MUSHROOMS,ONIONS,SAUSAGE,BLACK_OLIVES,SARDINES
2138865262239786003,November 5, 2015,Timothy,Derrick,20760,Quail,Spring Field,New Cicily,MEAT,CHEESE,PEPPERONI,SAUSAGE,BACON
2138865262239786004,November 5, 2015,Anthony,Gloria,3527,Broadway,Spring Field,New Cicily,MEAT,CHEESE,PEPPERONI,SAUSAGE,BACON
2138865262239786004,November 5, 2015,Anthony,Gloria,3527,Broadway,Spring Field,New Cicily,MEAT,CHEESE,PEPPERONI,SAUSAGE,BACON
2138865262239786005,November 5, 2015,Ann,Lyle,22420,Oak,Spring Field,New Cicily,Spicy MEAT,CHEESE,PEPPERONI,SAUSAGE,BACON,JALAPENOS,JALAPENOS
2138865262239786005,November 5, 2015,Ann,Lyle,22420,Oak,Spring Field,New Cicily,Big Green,ONIONS,BLACK_OLIVES,GREEN_PEPPERS,SPINACH,JALAPENOS,SARDINES
2138865262239786005,November 5, 2015,Ann,Lyle,22420,Oak,Spring Field,New Cicily,Big Green,ONIONS,BLACK_OLIVES,GREEN_PEPPERS,SPINACH,JALAPENOS,SARDINES
2138865262239786006,November 5, 2015,Felicia,Cheryl,10422,Mountain View,Spring Field,New Cicily,Funky Medina,CHEESE,EXTRA_CHEESE,MUSHROOMS,ONIONS,SAUSAGE,BLACK_OLIVES,SARDINES
2138865262239786006,November 5, 2015,Felicia,Cheryl,10422,Mountain View,Spring Field,New Cicily,Big Green,ONIONS,BLACK_OLIVES,GREEN_PEPPERS,SPINACH,JALAPENOS,SARDINES
2138865262239786007,November 5, 2015,Valerie,Sandra,25729,Park,Spring Field,New Cicily,Big Green,ONIONS,BLACK_OLIVES,GREEN_PEPPERS,SPINACH,JALAPENOS,SARDINES
2138865262239786007,November 5, 2015,Valerie,Sandra,25729,Park,Spring Field,New Cicily,Stinky,CHEESE,ONIONS,EXTRA_CHEESE,GREEN_PEPPERS,JALAPENOS,SAUSAGE
2138865262239786007,November 5, 2015,Valerie,Sandra,25729,Park,Spring Field,New Cicily,Big Green,ONIONS,BLACK_OLIVES,GREEN_PEPPERS,SPINACH,JALAPENOS,SARDINES
2138865262239786008,November 6, 2015,Anthony,Jimmy,17270,Church,Spring Field,New Cicily,Stinky,CHEESE,ONIONS,EXTRA_CHEESE,GREEN_PEPPERS,JALAPENOS,SAUSAGE
2138865262239786008,November 6, 2015,Anthony,Jimmy,17270,Church,Spring Field,New Cicily,Big Green,ONIONS,BLACK_OLIVES,GREEN_PEPPERS,SPINACH,JALAPENOS,SARDINES
2138865262239786008,November 6, 2015,Anthony,Jimmy,17270,Church,Spring Field,New Cicily,Big Green,ONIONS,BLACK_OLIVES,GREEN_PEPPERS,SPINACH,JALAPENOS,SARDINES
2138865262239786009,November 6, 2015,Anthony,Sara,17304,Willow,Spring Field,New Cicily,Spicy MEAT,CHEESE,PEPPERONI,SAUSAGE,BACON,JALAPENOS,JALAPENOS
2138865262239786009,November 6, 2015,Anthony,Sara,17304,Willow,Spring Field,New Cicily,Spicy MEAT,CHEESE,PEPPERONI,SAUSAGE,BACON,JALAPENOS,JALAPENOS
2138865262239786009,November 6, 2015,Anthony,Sara,17304,Willow,Spring Field,New Cicily,Spicy MEAT,CHEESE,PEPPERONI,SAUSAGE,BACON,JALAPENOS,JALAPENOS
2138865262239786010,November 6, 2015,Anthony,Calvin,19602,Lakeview,Spring Field,New Cicily,Spicy MEAT,CHEESE,PEPPERONI,SAUSAGE,BACON,JALAPENOS,JALAPENOS
2138865262239786010,November 6, 2015,Anthony,Calvin,19602,Lakeview,Spring Field,New Cicily,Big Green,ONIONS,BLACK_OLIVES,GREEN_PEPPERS,SPINACH,JALAPENOS,SARDINES
2138865262239786010,November 6, 2015,Anthony,Calvin,19602,Lakeview,Spring Field,New Cicily,MEAT,CHEESE,PEPPERONI,SAUSAGE,BACON
2138865262239786011,November 6, 2015,Maureen,Anthony,17758,Hickory,Spring Field,New Cicily,Spicy MEAT,CHEESE,PEPPERONI,SAUSAGE,BACON,JALAPENOS,JALAPENOS
2138865262239786011,November 6, 2015,Maureen,Anthony,17758,Hickory,Spring Field,New Cicily,MEAT,CHEESE,PEPPERONI,SAUSAGE,BACON
2138865262239786011,November 6, 2015,Maureen,Anthony,17758,Hickory,Spring Field,New Cicily,Big Green,ONIONS,BLACK_OLIVES,GREEN_PEPPERS,SPINACH,JALAPENOS,SARDINES
2138865262239786012,November 6, 2015,Vanessa,Mitchell,25153,Fifth,Spring Field,New Cicily,Big Green,ONIONS,BLACK_OLIVES,GREEN_PEPPERS,SPINACH,JALAPENOS,SARDINES
2138865262239786012,November 6, 2015,Vanessa,Mitchell,25153,Fifth,Spring Field,New Cicily,Big Green,ONIONS,BLACK_OLIVES,GREEN_PEPPERS,SPINACH,JALAPENOS,SARDINES
2138865262239786013,November 6, 2015,Timothy,Tom,2730,Columbine,Spring Field,New Cicily,MEAT,CHEESE,PEPPERONI,SAUSAGE,BACON
2138865262239786013,November 6, 2015,Timothy,Tom,2730,Columbine,Spring Field,New Cicily,Big Green,ONIONS,BLACK_OLIVES,GREEN_PEPPERS,SPINACH,JALAPENOS,SARDINES
2138865262239786014,November 6, 2015,Tommy,Landon,20030,Eighth,Spring Field,New Cicily,Stinky,CHEESE,ONIONS,EXTRA_CHEESE,GREEN_PEPPERS,JALAPENOS,SAUSAGE
2138865262239786014,November 6, 2015,Tommy,Landon,20030,Eighth,Spring Field,New Cicily,Spicy MEAT,CHEESE,PEPPERONI,SAUSAGE,BACON,JALAPENOS,JALAPENOS
2138865262239786015,November 6, 2015,Felicia,Floyd,27125,Orchard,Spring Field,New Cicily,Big Green,ONIONS,BLACK_OLIVES,GREEN_PEPPERS,SPINACH,JALAPENOS,SARDINES
2138865262239786015,November 6, 2015,Felicia,Floyd,27125,Orchard,Spring Field,New Cicily,Spicy MEAT,CHEESE,PEPPERONI,SAUSAGE,BACON,JALAPENOS,JALAPENOS
2138865262239786015,November 6, 2015,Felicia,Floyd,27125,Orchard,Spring Field,New Cicily,Big Green,ONIONS,BLACK_OLIVES,GREEN_PEPPERS,SPINACH,JALAPENOS,SARDINES
2138865262239786016,November 6, 2015,Valerie,Tonya,7931,Wilson,Spring Field,New Cicily,Stinky,CHEESE,ONIONS,EXTRA_CHEESE,GREEN_PEPPERS,JALAPENOS,SAUSAGE
2138865262239786016,November 6, 2015,Valerie,Tonya,7931,Wilson,Spring Field,New Cicily,Spicy MEAT,CHEESE,PEPPERONI,SAUSAGE,BACON,JALAPENOS,JALAPENOS
2138865262239786016,November 6, 2015,Valerie,Tonya,7931,Wilson,Spring Field,New Cicily,Stinky,CHEESE,ONIONS,EXTRA_CHEESE,GREEN_PEPPERS,JALAPENOS,SAUSAGE
2138865262239786016,November 6, 2015,Valerie,Tonya,7931,Wilson,Spring Field,New Cicily,Funky Medina,CHEESE,EXTRA_CHEESE,MUSHROOMS,ONIONS,SAUSAGE,BLACK_OLIVES,SARDINES
2138865262239786017,November 6, 2015,Anthony,Suzanne,26492,Ninth,Spring Field,New Cicily,MEAT,CHEESE,PEPPERONI,SAUSAGE,BACON
2138865262239786017,November 6, 2015,Anthony,Suzanne,26492,Ninth,Spring Field,New Cicily,Funky Medina,CHEESE,EXTRA_CHEESE,MUSHROOMS,ONIONS,SAUSAGE,BLACK_OLIVES,SARDINES
2138865262239786017,November 6, 2015,Anthony,Suzanne,26492,Ninth,Spring Field,New Cicily,Stinky,CHEESE,ONIONS,EXTRA_CHEESE,GREEN_PEPPERS,JALAPENOS,SAUSAGE
2138865262239786018,November 6, 2015,Ann,Faith,26144,Willow,Spring Field,New Cicily,Spicy MEAT,CHEESE,PEPPERONI,SAUSAGE,BACON,JALAPENOS,JALAPENOS
2138865262239786018,November 6, 2015,Ann,Faith,26144,Willow,Spring Field,New Cicily,MEAT,CHEESE,PEPPERONI,SAUSAGE,BACON
2138865262239786019,November 6, 2015,Tommy,Terrence,2091,Tenth,Spring Field,New Cicily,Stinky,CHEESE,ONIONS,EXTRA_CHEESE,GREEN_PEPPERS,JALAPENOS,SAUSAGE
2138865262239786020,November 6, 2015,Anthony,Kathleen,4400,Juniper,Spring Field,New Cicily,Spicy MEAT,CHEESE,PEPPERONI,SAUSAGE,BACON,JALAPENOS,JALAPENOS
2138865262239786020,November 6, 2015,Anthony,Kathleen,4400,Juniper,Spring Field,New Cicily,Big Green,ONIONS,BLACK_OLIVES,GREEN_PEPPERS,SPINACH,JALAPENOS,SARDINES
2138865262239786021,November 6, 2015,Felicia,Shirley,6338,Washington,Spring Field,New Cicily,Big Green,ONIONS,BLACK_OLIVES,GREEN_PEPPERS,SPINACH,JALAPENOS,SARDINES
2138865262239786022,November 6, 2015,Timothy,Kylie,23957,Holly,Spring Field,New Cicily,Funky Medina,CHEESE,EXTRA_CHEESE,MUSHROOMS,ONIONS,SAUSAGE,BLACK_OLIVES,SARDINES
2138865262239786022,November 6, 2015,Timothy,Kylie,23957,Holly,Spring Field,New Cicily,Big Green,ONIONS,BLACK_OLIVES,GREEN_PEPPERS,SPINACH,JALAPENOS,SARDINES
2138865262239786022,November 6, 2015,Timothy,Kylie,23957,Holly,Spring Field,New Cicily,Spicy MEAT,CHEESE,PEPPERONI,SAUSAGE,BACON,JALAPENOS,JALAPENOS
2138865262239786023,November 6, 2015,Maureen,Eileen,4149,Cherry,Spring Field,New Cicily,Big Green,ONIONS,BLACK_OLIVES,GREEN_PEPPERS,SPINACH,JALAPENOS,SARDINES
2138865262239786023,November 6, 2015,Maureen,Eileen,4149,Cherry,Spring Field,New Cicily,Big Green,ONIONS,BLACK_OLIVES,GREEN_PEPPERS,SPINACH,JALAPENOS,SARDINES
2138865262239786023,November 6, 2015,Maureen,Eileen,4149,Cherry,Spring Field,New Cicily,Stinky,CHEESE,ONIONS,EXTRA_CHEESE,GREEN_PEPPERS,JALAPENOS,SAUSAGE
2138865262239786024,November 6, 2015,Ann,Carla,21842,Lee,Spring Field,New Cicily,Big Green,ONIONS,BLACK_OLIVES,GREEN_PEPPERS,SPINACH,JALAPENOS,SARDINES
2138865262239786024,November 6, 2015,Ann,Carla,21842,Lee,Spring Field,New Cicily,Spicy MEAT,CHEESE,PEPPERONI,SAUSAGE,BACON,JALAPENOS,JALAPENOS
2138865262239786024,November 6, 2015,Ann,Carla,21842,Lee,Spring Field,New Cicily,Funky Medina,CHEESE,EXTRA_CHEESE,MUSHROOMS,ONIONS,SAUSAGE,BLACK_OLIVES,SARDINES
2138865262239786025,November 6, 2015,Timothy,Nancy,28657,Pine,Spring Field,New Cicily,MEAT,CHEESE,PEPPERONI,SAUSAGE,BACON
2138865262239786026,November 6, 2015,Vanessa,Antonio,6846,Willow,Spring Field,New Cicily,MEAT,CHEESE,PEPPERONI,SAUSAGE,BACON
2138865262239786027,November 6, 2015,Vanessa,Timothy,21679,Delaware,Spring Field,New Cicily,MEAT,CHEESE,PEPPERONI,SAUSAGE,BACON
2138865262239786027,November 6, 2015,Vanessa,Timothy,21679,Delaware,Spring Field,New Cicily,Funky Medina,CHEESE,EXTRA_CHEESE,MUSHROOMS,ONIONS,SAUSAGE,BLACK_OLIVES,SARDINES
2138865262239786027,November 6, 2015,Vanessa,Timothy,21679,Delaware,Spring Field,New Cicily,Funky Medina,CHEESE,EXTRA_CHEESE,MUSHROOMS,ONIONS,SAUSAGE,BLACK_OLIVES,SARDINES
2138865262239786027,November 6, 2015,Vanessa,Timothy,21679,Delaware,Spring Field,New Cicily,MEAT,CHEESE,PEPPERONI,SAUSAGE,BACON
2138865262239786028,November 6, 2015,Anthony,Jay,7667,Williams,Spring Field,New Cicily,Spicy MEAT,CHEESE,PEPPERONI,SAUSAGE,BACON,JALAPENOS,JALAPENOS
2138865262239786028,November 6, 2015,Anthony,Jay,7667,Williams,Spring Field,New Cicily,Funky Medina,CHEESE,EXTRA_CHEESE,MUSHROOMS,ONIONS,SAUSAGE,BLACK_OLIVES,SARDINES
2138865262239786029,November 6, 2015,Ann,Bill,11342,N 400,Spring Field,New Cicily,Funky Medina,CHEESE,EXTRA_CHEESE,MUSHROOMS,ONIONS,SAUSAGE,BLACK_OLIVES,SARDINES
2138865262239786029,November 6, 2015,Ann,Bill,11342,N 400,Spring Field,New Cicily,Stinky,CHEESE,ONIONS,EXTRA_CHEESE,GREEN_PEPPERS,JALAPENOS,SAUSAGE
2138865262239786029,November 6, 2015,Ann,Bill,11342,N 400,Spring Field,New Cicily,Big Green,ONIONS,BLACK_OLIVES,GREEN_PEPPERS,SPINACH,JALAPENOS,SARDINES
2138865262239786030,November 6, 2015,Anthony,William,21305,Meadow,Spring Field,New Cicily,MEAT,CHEESE,PEPPERONI,SAUSAGE,BACON
2138865262239786030,November 6, 2015,Anthony,William,21305,Meadow,Spring Field,New Cicily,Spicy MEAT,CHEESE,PEPPERONI,SAUSAGE,BACON,JALAPENOS,JALAPENOS
2138865262239786031,November 6, 2015,Anthony,Cody,9114,Juniper,Spring Field,New Cicily,Stinky,CHEESE,ONIONS,EXTRA_CHEESE,GREEN_PEPPERS,JALAPENOS,SAUSAGE
2138865262239786032,November 6, 2015,Valerie,Timothy,27901,Orchard,Spring Field,New Cicily,Big Green,ONIONS,BLACK_OLIVES,GREEN_PEPPERS,SPINACH,JALAPENOS,SARDINES
2138865262239786032,November 6, 2015,Valerie,Timothy,27901,Orchard,Spring Field,New Cicily,MEAT,CHEESE,PEPPERONI,SAUSAGE,BACON
2138865262239786033,November 6, 2015,Valerie,Warren,26935,Wood,Spring Field,New Cicily,Funky Medina,CHEESE,EXTRA_CHEESE,MUSHROOMS,ONIONS,SAUSAGE,BLACK_OLIVES,SARDINES
2138865262239786033,November 6, 2015,Valerie,Warren,26935,Wood,Spring Field,New Cicily,Stinky,CHEESE,ONIONS,EXTRA_CHEESE,GREEN_PEPPERS,JALAPENOS,SAUSAGE
2138865262239786034,November 6, 2015,Ann,Jeremiah,22160,Pleasant,Spring Field,New Cicily,Spicy MEAT,CHEESE,PEPPERONI,SAUSAGE,BACON,JALAPENOS,JALAPENOS
2138865262239786034,November 6, 2015,Ann,Jeremiah,22160,Pleasant,Spring Field,New Cicily,Stinky,CHEESE,ONIONS,EXTRA_CHEESE,GREEN_PEPPERS,JALAPENOS,SAUSAGE
2138865262239786034,November 6, 2015,Ann,Jeremiah,22160,Pleasant,Spring Field,New Cicily,Big Green,ONIONS,BLACK_OLIVES,GREEN_PEPPERS,SPINACH,JALAPENOS,SARDINES
2138865262239786035,November 6, 2015,Valerie,Darren,6122,Aspen,Spring Field,New Cicily,Spicy MEAT,CHEESE,PEPPERONI,SAUSAGE,BACON,JALAPENOS,JALAPENOS
2138865262239786035,November 6, 2015,Valerie,Darren,6122,Aspen,Spring Field,New Cicily,Funky Medina,CHEESE,EXTRA_CHEESE,MUSHROOMS,ONIONS,SAUSAGE,BLACK_OLIVES,SARDINES
2138865262239786035,November 6, 2015,Valerie,Darren,6122,Aspen,Spring Field,New Cicily,Stinky,CHEESE,ONIONS,EXTRA_CHEESE,GREEN_PEPPERS,JALAPENOS,SAUSAGE
2138865262239786035,November 6, 2015,Valerie,Darren,6122,Aspen,Spring Field,New Cicily,Stinky,CHEESE,ONIONS,EXTRA_CHEESE,GREEN_PEPPERS,JALAPENOS,SAUSAGE
2138865262239786036,November 6, 2015,Felicia,Stephen,17346,Jackson,Spring Field,New Cicily,MEAT,CHEESE,PEPPERONI,SAUSAGE,BACON
2138865262239786037,November 6, 2015,Vanessa,Lawrence,23044,Columbine,Spring Field,New Cicily,Funky Medina,CHEESE,EXTRA_CHEESE,MUSHROOMS,ONIONS,SAUSAGE,BLACK_OLIVES,SARDINES
2138865262239786038,November 6, 2015,Vanessa,Shane,6629,Evergreen,Spring Field,New Cicily,Spicy MEAT,CHEESE,PEPPERONI,SAUSAGE,BACON,JALAPENOS,JALAPENOS
2138865262239786039,November 6, 2015,Timothy,Lauren,13683,Second,Spring Field,New Cicily,Stinky,CHEESE,ONIONS,EXTRA_CHEESE,GREEN_PEPPERS,JALAPENOS,SAUSAGE
2138865262239786040,November 6, 2015,Timothy,Bryan,27345,Aloha,Spring Field,New Cicily,MEAT,CHEESE,PEPPERONI,SAUSAGE,BACON
2138865262239786041,November 6, 2015,Vanessa,Gina,22234,Spruce,Spring Field,New Cicily,Stinky,CHEESE,ONIONS,EXTRA_CHEESE,GREEN_PEPPERS,JALAPENOS,SAUSAGE
2138865262239786041,November 6, 2015,Vanessa,Gina,22234,Spruce,Spring Field,New Cicily,Stinky,CHEESE,ONIONS,EXTRA_CHEESE,GREEN_PEPPERS,JALAPENOS,SAUSAGE
2138865262239786042,November 6, 2015,Tommy,Marissa,7640,Broadway,Spring Field,New Cicily,Stinky,CHEESE,ONIONS,EXTRA_CHEESE,GREEN_PEPPERS,JALAPENOS,SAUSAGE
2138865262239786042,November 6, 2015,Tommy,Marissa,7640,Broadway,Spring Field,New Cicily,Spicy MEAT,CHEESE,PEPPERONI,SAUSAGE,BACON,JALAPENOS,JALAPENOS
2138865262239786043,November 6, 2015,Ann,Benjamin,19866,Seventh,Spring Field,New Cicily,MEAT,CHEESE,PEPPERONI,SAUSAGE,BACON
2138865262239786043,November 6, 2015,Ann,Benjamin,19866,Seventh,Spring Field,New Cicily,Funky Medina,CHEESE,EXTRA_CHEESE,MUSHROOMS,ONIONS,SAUSAGE,BLACK_OLIVES,SARDINES
2138865262239786043,November 6, 2015,Ann,Benjamin,19866,Seventh,Spring Field,New Cicily,Big Green,ONIONS,BLACK_OLIVES,GREEN_PEPPERS,SPINACH,JALAPENOS,SARDINES
2138865262239786044,November 6, 2015,Timothy,Jenny,18146,Magnolia,Spring Field,New Cicily,Spicy MEAT,CHEESE,PEPPERONI,SAUSAGE,BACON,JALAPENOS,JALAPENOS
2138865262239786044,November 6, 2015,Timothy,Jenny,18146,Magnolia,Spring Field,New Cicily,Funky Medina,CHEESE,EXTRA_CHEESE,MUSHROOMS,ONIONS,SAUSAGE,BLACK_OLIVES,SARDINES
2138865262239786045,November 6, 2015,Vanessa,Michele,25713,Pinon,Spring Field,New Cicily,MEAT,CHEESE,PEPPERONI,SAUSAGE,BACON
2138865262239786046,November 6, 2015,Anthony,Lydia,5183,Aspen,Spring Field,New Cicily,MEAT,CHEESE,PEPPERONI,SAUSAGE,BACON
2138865262239786046,November 6, 2015,Anthony,Lydia,5183,Aspen,Spring Field,New Cicily,MEAT,CHEESE,PEPPERONI,SAUSAGE,BACON
2138865262239786047,November 6, 2015,Timothy,Elizabeth,9918,Shore,Spring Field,New Cicily,MEAT,CHEESE,PEPPERONI,SAUSAGE,BACON
2138865262239786048,November 6, 2015,Vanessa,Julie,22003,North,Spring Field,New Cicily,Funky Medina,CHEESE,EXTRA_CHEESE,MUSHROOMS,ONIONS,SAUSAGE,BLACK_OLIVES,SARDINES
2138865262239786049,November 6, 2015,Tommy,Deanna,22776,Airport,Spring Field,New Cicily,Spicy MEAT,CHEESE,PEPPERONI,SAUSAGE,BACON,JALAPENOS,JALAPENOS
2138865262239786049,November 6, 2015,Tommy,Deanna,22776,Airport,Spring Field,New Cicily,Big Green,ONIONS,BLACK_OLIVES,GREEN_PEPPERS,SPINACH,JALAPENOS,SARDINES
2138865262239786050,November 7, 2015,Tommy,Bradley,16918,Hampton,Spring Field,New Cicily,Funky Medina,CHEESE,EXTRA_CHEESE,MUSHROOMS,ONIONS,SAUSAGE,BLACK_OLIVES,SARDINES
2138865262239786050,November 7, 2015,Tommy,Bradley,16918,Hampton,Spring Field,New Cicily,Big Green,ONIONS,BLACK_OLIVES,GREEN_PEPPERS,SPINACH,JALAPENOS,SARDINES
2138865262239786050,November 7, 2015,Tommy,Bradley,16918,Hampton,Spring Field,New Cicily,MEAT,CHEESE,PEPPERONI,SAUSAGE,BACON
2138865262239786050,November 7, 2015,Tommy,Bradley,16918,Hampton,Spring Field,New Cicily,Spicy MEAT,CHEESE,PEPPERONI,SAUSAGE,BACON,JALAPENOS,JALAPENOS
2138865262239786051,November 7, 2015,Brett,Daniel,6174,Palo Verde,Spring Field,New Cicily,MEAT,CHEESE,PEPPERONI,SAUSAGE,BACON
2138865262239786051,November 7, 2015,Brett,Daniel,6174,Palo Verde,Spring Field,New Cicily,Funky Medina,CHEESE,EXTRA_CHEESE,MUSHROOMS,ONIONS,SAUSAGE,BLACK_OLIVES,SARDINES
2138865262239786051,November 7, 2015,Brett,Daniel,6174,Palo Verde,Spring Field,New Cicily,Big Green,ONIONS,BLACK_OLIVES,GREEN_PEPPERS,SPINACH,JALAPENOS,SARDINES
2138865262239786052,November 7, 2015,Tommy,Anthony,14994,Narragansett,Spring Field,New Cicily,Spicy MEAT,CHEESE,PEPPERONI,SAUSAGE,BACON,JALAPENOS,JALAPENOS
2138865262239786052,November 7, 2015,Tommy,Anthony,14994,Narragansett,Spring Field,New Cicily,Stinky,CHEESE,ONIONS,EXTRA_CHEESE,GREEN_PEPPERS,JALAPENOS,SAUSAGE
2138865262239786053,November 7, 2015,Valerie,Sherry,11782,County Line,Spring Field,New Cicily,MEAT,CHEESE,PEPPERONI,SAUSAGE,BACON
2138865262239786053,November 7, 2015,Valerie,Sherry,11782,County Line,Spring Field,New Cicily,Spicy MEAT,CHEESE,PEPPERONI,SAUSAGE,BACON,JALAPENOS,JALAPENOS
2138865262239786054,November 7, 2015,Vanessa,Jon,9926,Willow,Spring Field,New Cicily,Funky Medina,CHEESE,EXTRA_CHEESE,MUSHROOMS,ONIONS,SAUSAGE,BLACK_OLIVES,SARDINES
2138865262239786054,November 7, 2015,Vanessa,Jon,9926,Willow,Spring Field,New Cicily,Big Green,ONIONS,BLACK_OLIVES,GREEN_PEPPERS,SPINACH,JALAPENOS,SARDINES
2138865262239786055,November 7, 2015,Ann,Leah,11891,Fifth,Spring Field,New Cicily,Spicy MEAT,CHEESE,PEPPERONI,SAUSAGE,BACON,JALAPENOS,JALAPENOS
2138865262239786055,November 7, 2015,Ann,Leah,11891,Fifth,Spring Field,New Cicily,Big Green,ONIONS,BLACK_OLIVES,GREEN_PEPPERS,SPINACH,JALAPENOS,SARDINES
2138865262239786056,November 7, 2015,Brett,Fred,1868,S 100,Spring Field,New Cicily,Stinky,CHEESE,ONIONS,EXTRA_CHEESE,GREEN_PEPPERS,JALAPENOS,SAUSAGE
2138865262239786056,November 7, 2015,Brett,Fred,1868,S 100,Spring Field,New Cicily,Big Green,ONIONS,BLACK_OLIVES,GREEN_PEPPERS,SPINACH,JALAPENOS,SARDINES
2138865262239786056,November 7, 2015,Brett,Fred,1868,S 100,Spring Field,New Cicily,Funky Medina,CHEESE,EXTRA_CHEESE,MUSHROOMS,ONIONS,SAUSAGE,BLACK_OLIVES,SARDINES
2138865262239786057,November 7, 2015,Ann,Marcus,5637,Magnolia,Spring Field,New Cicily,Stinky,CHEESE,ONIONS,EXTRA_CHEESE,GREEN_PEPPERS,JALAPENOS,SAUSAGE
2138865262239786057,November 7, 2015,Ann,Marcus,5637,Magnolia,Spring Field,New Cicily,Funky Medina,CHEESE,EXTRA_CHEESE,MUSHROOMS,ONIONS,SAUSAGE,BLACK_OLIVES,SARDINES
2138865262239786058,November 7, 2015,Tommy,Mercedes,25174,Cedar,Spring Field,New Cicily,Funky Medina,CHEESE,EXTRA_CHEESE,MUSHROOMS,ONIONS,SAUSAGE,BLACK_OLIVES,SARDINES
2138865262239786058,November 7, 2015,Tommy,Mercedes,25174,Cedar,Spring Field,New Cicily,Stinky,CHEESE,ONIONS,EXTRA_CHEESE,GREEN_PEPPERS,JALAPENOS,SAUSAGE
2138865262239786059,November 7, 2015,Vanessa,Lorraine,27598,Sixth,Spring Field,New Cicily,Spicy MEAT,CHEESE,PEPPERONI,SAUSAGE,BACON,JALAPENOS,JALAPENOS
2138865262239786059,November 7, 2015,Vanessa,Lorraine,27598,Sixth,Spring Field,New Cicily,Stinky,CHEESE,ONIONS,EXTRA_CHEESE,GREEN_PEPPERS,JALAPENOS,SAUSAGE
2138865262239786059,November 7, 2015,Vanessa,Lorraine,27598,Sixth,Spring Field,New Cicily,Spicy MEAT,CHEESE,PEPPERONI,SAUSAGE,BACON,JALAPENOS,JALAPENOS
2138865262239786060,November 7, 2015,Tommy,Glenn,3456,Lehua,Spring Field,New Cicily,Spicy MEAT,CHEESE,PEPPERONI,SAUSAGE,BACON,JALAPENOS,JALAPENOS
2138865262239786061,November 7, 2015,Vanessa,Kendra,29807,S 400,Spring Field,New Cicily,Stinky,CHEESE,ONIONS,EXTRA_CHEESE,GREEN_PEPPERS,JALAPENOS,SAUSAGE
2138865262239786061,November 7, 2015,Vanessa,Kendra,29807,S 400,Spring Field,New Cicily,Funky Medina,CHEESE,EXTRA_CHEESE,MUSHROOMS,ONIONS,SAUSAGE,BLACK_OLIVES,SARDINES
2138865262239786062,November 7, 2015,Ann,Ted,12560,Mesquite,Spring Field,New Cicily,Spicy MEAT,CHEESE,PEPPERONI,SAUSAGE,BACON,JALAPENOS,JALAPENOS
2138865262239786062,November 7, 2015,Ann,Ted,12560,Mesquite,Spring Field,New Cicily,Big Green,ONIONS,BLACK_OLIVES,GREEN_PEPPERS,SPINACH,JALAPENOS,SARDINES
2138865262239786062,November 7, 2015,Ann,Ted,12560,Mesquite,Spring Field,New Cicily,Stinky,CHEESE,ONIONS,EXTRA_CHEESE,GREEN_PEPPERS,JALAPENOS,SAUSAGE
2138865262239786063,November 7, 2015,Timothy,Philip,3969,Kahili,Spring Field,New Cicily,Stinky,CHEESE,ONIONS,EXTRA_CHEESE,GREEN_PEPPERS,JALAPENOS,SAUSAGE
2138865262239786063,November 7, 2015,Timothy,Philip,3969,Kahili,Spring Field,New Cicily,Funky Medina,CHEESE,EXTRA_CHEESE,MUSHROOMS,ONIONS,SAUSAGE,BLACK_OLIVES,SARDINES
2138865262239786064,November 7, 2015,Ann,Jeremy,15580,Holly,Spring Field,New Cicily,Big Green,ONIONS,BLACK_OLIVES,GREEN_PEPPERS,SPINACH,JALAPENOS,SARDINES
2138865262239786065,November 7, 2015,Brett,Irene,23686,Magnolia,Spring Field,New Cicily,Big Green,ONIONS,BLACK_OLIVES,GREEN_PEPPERS,SPINACH,JALAPENOS,SARDINES
2138865262239786065,November 7, 2015,Brett,Irene,23686,Magnolia,Spring Field,New Cicily,Stinky,CHEESE,ONIONS,EXTRA_CHEESE,GREEN_PEPPERS,JALAPENOS,SAUSAGE
2138865262239786066,November 7, 2015,Tommy,Ruth,8433,Sunset,Spring Field,New Cicily,Big Green,ONIONS,BLACK_OLIVES,GREEN_PEPPERS,SPINACH,JALAPENOS,SARDINES
2138865262239786066,November 7, 2015,Tommy,Ruth,8433,Sunset,Spring Field,New Cicily,Spicy MEAT,CHEESE,PEPPERONI,SAUSAGE,BACON,JALAPENOS,JALAPENOS
2138865262239786066,November 7, 2015,Tommy,Ruth,8433,Sunset,Spring Field,New Cicily,Funky Medina,CHEESE,EXTRA_CHEESE,MUSHROOMS,ONIONS,SAUSAGE,BLACK_OLIVES,SARDINES
2138865262239786067,November 7, 2015,Ann,Mary,8927,A,Spring Field,New Cicily,Big Green,ONIONS,BLACK_OLIVES,GREEN_PEPPERS,SPINACH,JALAPENOS,SARDINES
2138865262239786067,November 7, 2015,Ann,Mary,8927,A,Spring Field,New Cicily,Funky Medina,CHEESE,EXTRA_CHEESE,MUSHROOMS,ONIONS,SAUSAGE,BLACK_OLIVES,SARDINES
2138865262239786067,November 7, 2015,Ann,Mary,8927,A,Spring Field,New Cicily,Big Green,ONIONS,BLACK_OLIVES,GREEN_PEPPERS,SPINACH,JALAPENOS,SARDINES
2138865262239786068,November 7, 2015,Timothy,Shane,29527,Smith,Spring Field,New Cicily,Spicy MEAT,CHEESE,PEPPERONI,SAUSAGE,BACON,JALAPENOS,JALAPENOS
2138865262239786068,November 7, 2015,Timothy,Shane,29527,Smith,Spring Field,New Cicily,Stinky,CHEESE,ONIONS,EXTRA_CHEESE,GREEN_PEPPERS,JALAPENOS,SAUSAGE
2138865262239786068,November 7, 2015,Timothy,Shane,29527,Smith,Spring Field,New Cicily,Big Green,ONIONS,BLACK_OLIVES,GREEN_PEPPERS,SPINACH,JALAPENOS,SARDINES
2138865262239786069,November 7, 2015,Vanessa,Herbert,390,Lincoln,Spring Field,New Cicily,Stinky,CHEESE,ONIONS,EXTRA_CHEESE,GREEN_PEPPERS,JALAPENOS,SAUSAGE
2138865262239786070,November 7, 2015,Valerie,Joe,21459,Fourth,Spring Field,New Cicily,MEAT,CHEESE,PEPPERONI,SAUSAGE,BACON
2138865262239786070,November 7, 2015,Valerie,Joe,21459,Fourth,Spring Field,New Cicily,MEAT,CHEESE,PEPPERONI,SAUSAGE,BACON
2138865262239786071,November 7, 2015,Ann,Alicia,12992,Pioneer,Spring Field,New Cicily,Spicy MEAT,CHEESE,PEPPERONI,SAUSAGE,BACON,JALAPENOS,JALAPENOS
2138865262239786072,November 7, 2015,Brett,Raymond,8430,Pinon,Spring Field,New Cicily,Stinky,CHEESE,ONIONS,EXTRA_CHEESE,GREEN_PEPPERS,JALAPENOS,SAUSAGE
2138865262239786072,November 7, 2015,Brett,Raymond,8430,Pinon,Spring Field,New Cicily,Stinky,CHEESE,ONIONS,EXTRA_CHEESE,GREEN_PEPPERS,JALAPENOS,SAUSAGE
2138865262239786073,November 7, 2015,Ann,Hannah,23900,Eleventh,Spring Field,New Cicily,Funky Medina,CHEESE,EXTRA_CHEESE,MUSHROOMS,ONIONS,SAUSAGE,BLACK_OLIVES,SARDINES
2138865262239786073,November 7, 2015,Ann,Hannah,23900,Eleventh,Spring Field,New Cicily,Big Green,ONIONS,BLACK_OLIVES,GREEN_PEPPERS,SPINACH,JALAPENOS,SARDINES
2138865262239786074,November 7, 2015,Ann,Megan,28177,Fifth,Spring Field,New Cicily,Stinky,CHEESE,ONIONS,EXTRA_CHEESE,GREEN_PEPPERS,JALAPENOS,SAUSAGE
2138865262239786074,November 7, 2015,Ann,Megan,28177,Fifth,Spring Field,New Cicily,Spicy MEAT,CHEESE,PEPPERONI,SAUSAGE,BACON,JALAPENOS,JALAPENOS
2138865262239786075,November 7, 2015,Felicia,Earnest,13169,Evergreen,Spring Field,New Cicily,Stinky,CHEESE,ONIONS,EXTRA_CHEESE,GREEN_PEPPERS,JALAPENOS,SAUSAGE
2138865262239786075,November 7, 2015,Felicia,Earnest,13169,Evergreen,Spring Field,New Cicily,Big Green,ONIONS,BLACK_OLIVES,GREEN_PEPPERS,SPINACH,JALAPENOS,SARDINES
2138865262239786075,November 7, 2015,Felicia,Earnest,13169,Evergreen,Spring Field,New Cicily,Big Green,ONIONS,BLACK_OLIVES,GREEN_PEPPERS,SPINACH,JALAPENOS,SARDINES
2138865262239786076,November 7, 2015,Vanessa,Jeff,8530,Washington,Spring Field,New Cicily,Funky Medina,CHEESE,EXTRA_CHEESE,MUSHROOMS,ONIONS,SAUSAGE,BLACK_OLIVES,SARDINES
2138865262239786076,November 7, 2015,Vanessa,Jeff,8530,Washington,Spring Field,New Cicily,Spicy MEAT,CHEESE,PEPPERONI,SAUSAGE,BACON,JALAPENOS,JALAPENOS
2138865262239786077,November 7, 2015,Brett,Betty,28689,Pine,Spring Field,New Cicily,Funky Medina,CHEESE,EXTRA_CHEESE,MUSHROOMS,ONIONS,SAUSAGE,BLACK_OLIVES,SARDINES
2138865262239786077,November 7, 2015,Brett,Betty,28689,Pine,Spring Field,New Cicily,Stinky,CHEESE,ONIONS,EXTRA_CHEESE,GREEN_PEPPERS,JALAPENOS,SAUSAGE
2138865262239786078,November 7, 2015,Brett,June,8568,N 400,Spring Field,New Cicily,MEAT,CHEESE,PEPPERONI,SAUSAGE,BACON
2138865262239786078,November 7, 2015,Brett,June,8568,N 400,Spring Field,New Cicily,Spicy MEAT,CHEESE,PEPPERONI,SAUSAGE,BACON,JALAPENOS,JALAPENOS
2138865262239786079,November 7, 2015,Maureen,Ronald,18625,Broadway,Spring Field,New Cicily,MEAT,CHEESE,PEPPERONI,SAUSAGE,BACON
2138865262239786079,November 7, 2015,Maureen,Ronald,18625,Broadway,Spring Field,New Cicily,Stinky,CHEESE,ONIONS,EXTRA_CHEESE,GREEN_PEPPERS,JALAPENOS,SAUSAGE
2138865262239786079,November 7, 2015,Maureen,Ronald,18625,Broadway,Spring Field,New Cicily,Funky Medina,CHEESE,EXTRA_CHEESE,MUSHROOMS,ONIONS,SAUSAGE,BLACK_OLIVES,SARDINES
2138865262239786080,November 7, 2015,Tommy,Valerie,29685,Delaware,Spring Field,New Cicily,Big Green,ONIONS,BLACK_OLIVES,GREEN_PEPPERS,SPINACH,JALAPENOS,SARDINES
2138865262239786080,November 7, 2015,Tommy,Valerie,29685,Delaware,Spring Field,New Cicily,Big Green,ONIONS,BLACK_OLIVES,GREEN_PEPPERS,SPINACH,JALAPENOS,SARDINES
2138865262239786081,November 7, 2015,Brett,Sylvia,9334,Third,Spring Field,New Cicily,MEAT,CHEESE,PEPPERONI,SAUSAGE,BACON
2138865262239786081,November 7, 2015,Brett,Sylvia,9334,Third,Spring Field,New Cicily,Funky Medina,CHEESE,EXTRA_CHEESE,MUSHROOMS,ONIONS,SAUSAGE,BLACK_OLIVES,SARDINES
2138865262239786082,November 7, 2015,Tommy,Gavin,19225,Sixth,Spring Field,New Cicily,MEAT,CHEESE,PEPPERONI,SAUSAGE,BACON
2138865262239786083,November 7, 2015,Valerie,Tanya,22095,Seventh,Spring Field,New Cicily,Big Green,ONIONS,BLACK_OLIVES,GREEN_PEPPERS,SPINACH,JALAPENOS,SARDINES
2138865262239786083,November 7, 2015,Valerie,Tanya,22095,Seventh,Spring Field,New Cicily,MEAT,CHEESE,PEPPERONI,SAUSAGE,BACON
2138865262239786083,November 7, 2015,Valerie,Tanya,22095,Seventh,Spring Field,New Cicily,Stinky,CHEESE,ONIONS,EXTRA_CHEESE,GREEN_PEPPERS,JALAPENOS,SAUSAGE
2138865262239786084,November 7, 2015,Valerie,Kelly,25756,Birch,Spring Field,New Cicily,Funky Medina,CHEESE,EXTRA_CHEESE,MUSHROOMS,ONIONS,SAUSAGE,BLACK_OLIVES,SARDINES
2138865262239786085,November 7, 2015,Maureen,Gloria,16649,Pinon,Spring Field,New Cicily,Big Green,ONIONS,BLACK_OLIVES,GREEN_PEPPERS,SPINACH,JALAPENOS,SARDINES
2138865262239786085,November 7, 2015,Maureen,Gloria,16649,Pinon,Spring Field,New Cicily,Spicy MEAT,CHEESE,PEPPERONI,SAUSAGE,BACON,JALAPENOS,JALAPENOS
2138865262239786085,November 7, 2015,Maureen,Gloria,16649,Pinon,Spring Field,New Cicily,MEAT,CHEESE,PEPPERONI,SAUSAGE,BACON
2138865262239786086,November 7, 2015,Tommy,Wesley,19116,First,Spring Field,New Cicily,Spicy MEAT,CHEESE,PEPPERONI,SAUSAGE,BACON,JALAPENOS,JALAPENOS
2138865262239786086,November 7, 2015,Tommy,Wesley,19116,First,Spring Field,New Cicily,MEAT,CHEESE,PEPPERONI,SAUSAGE,BACON
2138865262239786087,November 7, 2015,Felicia,Bailey,10789,North,Spring Field,New Cicily,Funky Medina,CHEESE,EXTRA_CHEESE,MUSHROOMS,ONIONS,SAUSAGE,BLACK_OLIVES,SARDINES
2138865262239786087,November 7, 2015,Felicia,Bailey,10789,North,Spring Field,New Cicily,Spicy MEAT,CHEESE,PEPPERONI,SAUSAGE,BACON,JALAPENOS,JALAPENOS
2138865262239786088,November 7, 2015,Felicia,Nicholas,14911,Lake,Spring Field,New Cicily,Big Green,ONIONS,BLACK_OLIVES,GREEN_PEPPERS,SPINACH,JALAPENOS,SARDINES
2138865262239786088,November 7, 2015,Felicia,Nicholas,14911,Lake,Spring Field,New Cicily,Big Green,ONIONS,BLACK_OLIVES,GREEN_PEPPERS,SPINACH,JALAPENOS,SARDINES
2138865262239786089,November 7, 2015,Ann,Ruth,17929,Palo Verde,Spring Field,New Cicily,MEAT,CHEESE,PEPPERONI,SAUSAGE,BACON
2138865262239786090,November 7, 2015,Ann,Erik,505,Spruce,Spring Field,New Cicily,Funky Medina,CHEESE,EXTRA_CHEESE,MUSHROOMS,ONIONS,SAUSAGE,BLACK_OLIVES,SARDINES
2138865262239786090,November 7, 2015,Ann,Erik,505,Spruce,Spring Field,New Cicily,Funky Medina,CHEESE,EXTRA_CHEESE,MUSHROOMS,ONIONS,SAUSAGE,BLACK_OLIVES,SARDINES
2138865262239786090,November 7, 2015,Ann,Erik,505,Spruce,Spring Field,New Cicily,Big Green,ONIONS,BLACK_OLIVES,GREEN_PEPPERS,SPINACH,JALAPENOS,SARDINES
2138865262239786091,November 7, 2015,Tommy,Diana,17727,Shore,Spring Field,New Cicily,Stinky,CHEESE,ONIONS,EXTRA_CHEESE,GREEN_PEPPERS,JALAPENOS,SAUSAGE
2138865262239786091,November 7, 2015,Tommy,Diana,17727,Shore,Spring Field,New Cicily,MEAT,CHEESE,PEPPERONI,SAUSAGE,BACON
2138865262239786091,November 7, 2015,Tommy,Diana,17727,Shore,Spring Field,New Cicily,MEAT,CHEESE,PEPPERONI,SAUSAGE,BACON
2138865262239786092,November 7, 2015,Brett,Calvin,28195,Redwood,Spring Field,New Cicily,MEAT,CHEESE,PEPPERONI,SAUSAGE,BACON
2138865262239786092,November 7, 2015,Brett,Calvin,28195,Redwood,Spring Field,New Cicily,Stinky,CHEESE,ONIONS,EXTRA_CHEESE,GREEN_PEPPERS,JALAPENOS,SAUSAGE
2138865262239786093,November 7, 2015,Vanessa,Robin,23919,Cherry,Spring Field,New Cicily,Spicy MEAT,CHEESE,PEPPERONI,SAUSAGE,BACON,JALAPENOS,JALAPENOS
2138865262239786093,November 7, 2015,Vanessa,Robin,23919,Cherry,Spring Field,New Cicily,Funky Medina,CHEESE,EXTRA_CHEESE,MUSHROOMS,ONIONS,SAUSAGE,BLACK_OLIVES,SARDINES
2138865262239786093,November 7, 2015,Vanessa,Robin,23919,Cherry,Spring Field,New Cicily,Big Green,ONIONS,BLACK_OLIVES,GREEN_PEPPERS,SPINACH,JALAPENOS,SARDINES
2138865262239786094,November 7, 2015,Vanessa,Bonnie,28421,Airport,Spring Field,New Cicily,Stinky,CHEESE,ONIONS,EXTRA_CHEESE,GREEN_PEPPERS,JALAPENOS,SAUSAGE
2138865262239786094,November 7, 2015,Vanessa,Bonnie,28421,Airport,Spring Field,New Cicily,Funky Medina,CHEESE,EXTRA_CHEESE,MUSHROOMS,ONIONS,SAUSAGE,BLACK_OLIVES,SARDINES
2138865262239786094,November 7, 2015,Vanessa,Bonnie,28421,Airport,Spring Field,New Cicily,Stinky,CHEESE,ONIONS,EXTRA_CHEESE,GREEN_PEPPERS,JALAPENOS,SAUSAGE
2138865262239786095,November 7, 2015,Vanessa,April,8364,Lakeview,Spring Field,New Cicily,Spicy MEAT,CHEESE,PEPPERONI,SAUSAGE,BACON,JALAPENOS,JALAPENOS
2138865262239786095,November 7, 2015,Vanessa,April,8364,Lakeview,Spring Field,New Cicily,Spicy MEAT,CHEESE,PEPPERONI,SAUSAGE,BACON,JALAPENOS,JALAPENOS
2138865262239786096,November 7, 2015,Valerie,Maxine,28019,Smith,Spring Field,New Cicily,Spicy MEAT,CHEESE,PEPPERONI,SAUSAGE,BACON,JALAPENOS,JALAPENOS
2138865262239786096,November 7, 2015,Valerie,Maxine,28019,Smith,Spring Field,New Cicily,Funky Medina,CHEESE,EXTRA_CHEESE,MUSHROOMS,ONIONS,SAUSAGE,BLACK_OLIVES,SARDINES
2138865262239786097,November 7, 2015,Maureen,Rachel,12638,Magnolia,Spring Field,New Cicily,MEAT,CHEESE,PEPPERONI,SAUSAGE,BACON
2138865262239786097,November 7, 2015,Maureen,Rachel,12638,Magnolia,Spring Field,New Cicily,Funky Medina,CHEESE,EXTRA_CHEESE,MUSHROOMS,ONIONS,SAUSAGE,BLACK_OLIVES,SARDINES
2138865262239786097,November 7, 2015,Maureen,Rachel,12638,Magnolia,Spring Field,New Cicily,Big Green,ONIONS,BLACK_OLIVES,GREEN_PEPPERS,SPINACH,JALAPENOS,SARDINES
2138865262239786098,November 7, 2015,Maureen,Gregory,7016,Highland,Spring Field,New Cicily,Big Green,ONIONS,BLACK_OLIVES,GREEN_PEPPERS,SPINACH,JALAPENOS,SARDINES
2138865262239786098,November 7, 2015,Maureen,Gregory,7016,Highland,Spring Field,New Cicily,Spicy MEAT,CHEESE,PEPPERONI,SAUSAGE,BACON,JALAPENOS,JALAPENOS
2138865262239786098,November 7, 2015,Maureen,Gregory,7016,Highland,Spring Field,New Cicily,Stinky,CHEESE,ONIONS,EXTRA_CHEESE,GREEN_PEPPERS,JALAPENOS,SAUSAGE
2138865262239786099,November 7, 2015,Timothy,Molly,25306,North,Spring Field,New Cicily,Stinky,CHEESE,ONIONS,EXTRA_CHEESE,GREEN_PEPPERS,JALAPENOS,SAUSAGE
2138865262239786099,November 7, 2015,Timothy,Molly,25306,North,Spring Field,New Cicily,Spicy MEAT,CHEESE,PEPPERONI,SAUSAGE,BACON,JALAPENOS,JALAPENOS
2138865262239786099,November 7, 2015,Timothy,Molly,25306,North,Spring Field,New Cicily,Spicy MEAT,CHEESE,PEPPERONI,SAUSAGE,BACON,JALAPENOS,JALAPENOS
2138865262239786100,November 7, 2015,Felicia,Sandy,10374,Aspen,Spring Field,New Cicily,MEAT,CHEESE,PEPPERONI,SAUSAGE,BACON
2138865262239786100,November 7, 2015,Felicia,Sandy,10374,Aspen,Spring Field,New Cicily,Funky Medina,CHEESE,EXTRA_CHEESE,MUSHROOMS,ONIONS,SAUSAGE,BLACK_OLIVES,SARDINES
2138865262239786100,November 7, 2015,Felicia,Sandy,10374,Aspen,Spring Field,New Cicily,Spicy MEAT,CHEESE,PEPPERONI,SAUSAGE,BACON,JALAPENOS,JALAPENOS
2138865262239786101,November 7, 2015,Valerie,Omar,19836,Sunset,Spring Field,New Cicily,Big Green,ONIONS,BLACK_OLIVES,GREEN_PEPPERS,SPINACH,JALAPENOS,SARDINES
2138865262239786102,November 7, 2015,Felicia,Linda,7915,Airport,Spring Field,New Cicily,Spicy MEAT,CHEESE,PEPPERONI,SAUSAGE,BACON,JALAPENOS,JALAPENOS
2138865262239786103,November 8, 2015,Felicia,Pedro,26980,Lee,Spring Field,New Cicily,Big Green,ONIONS,BLACK_OLIVES,GREEN_PEPPERS,SPINACH,JALAPENOS,SARDINES
2138865262239786103,November 8, 2015,Felicia,Pedro,26980,Lee,Spring Field,New Cicily,Spicy MEAT,CHEESE,PEPPERONI,SAUSAGE,BACON,JALAPENOS,JALAPENOS
2138865262239786104,November 8, 2015,Felicia,Jeanne,9129,Oak,Spring Field,New Cicily,Stinky,CHEESE,ONIONS,EXTRA_CHEESE,GREEN_PEPPERS,JALAPENOS,SAUSAGE
2138865262239786104,November 8, 2015,Felicia,Jeanne,9129,Oak,Spring Field,New Cicily,Big Green,ONIONS,BLACK_OLIVES,GREEN_PEPPERS,SPINACH,JALAPENOS,SARDINES
2138865262239786105,November 8, 2015,Maureen,Tonya,16897,S 400,Spring Field,New Cicily,Funky Medina,CHEESE,EXTRA_CHEESE,MUSHROOMS,ONIONS,SAUSAGE,BLACK_OLIVES,SARDINES
2138865262239786106,November 8, 2015,Felicia,Alexander,7651,Mesquite,Spring Field,New Cicily,MEAT,CHEESE,PEPPERONI,SAUSAGE,BACON
2138865262239786107,November 8, 2015,Vanessa,John,16425,Twelfth,Spring Field,New Cicily,Big Green,ONIONS,BLACK_OLIVES,GREEN_PEPPERS,SPINACH,JALAPENOS,SARDINES
2138865262239786108,November 8, 2015,Tommy,Kristi,23166,Elm,Spring Field,New Cicily,Funky Medina,CHEESE,EXTRA_CHEESE,MUSHROOMS,ONIONS,SAUSAGE,BLACK_OLIVES,SARDINES
2138865262239786108,November 8, 2015,Tommy,Kristi,23166,Elm,Spring Field,New Cicily,Spicy MEAT,CHEESE,PEPPERONI,SAUSAGE,BACON,JALAPENOS,JALAPENOS
2138865262239786109,November 8, 2015,Timothy,Brittany,24434,Hampton,Spring Field,New Cicily,Stinky,CHEESE,ONIONS,EXTRA_CHEESE,GREEN_PEPPERS,JALAPENOS,SAUSAGE
2138865262239786109,November 8, 2015,Timothy,Brittany,24434,Hampton,Spring Field,New Cicily,Big Green,ONIONS,BLACK_OLIVES,GREEN_PEPPERS,SPINACH,JALAPENOS,SARDINES
2138865262239786110,November 8, 2015,Maureen,Trevor,23373,Thirteenth,Spring Field,New Cicily,Funky Medina,CHEESE,EXTRA_CHEESE,MUSHROOMS,ONIONS,SAUSAGE,BLACK_OLIVES,SARDINES
2138865262239786111,November 8, 2015,Vanessa,Erika,13445,Wilson,Spring Field,New Cicily,Big Green,ONIONS,BLACK_OLIVES,GREEN_PEPPERS,SPINACH,JALAPENOS,SARDINES
2138865262239786112,November 8, 2015,Vanessa,Tyler,29057,Pecan,Spring Field,New Cicily,Big Green,ONIONS,BLACK_OLIVES,GREEN_PEPPERS,SPINACH,JALAPENOS,SARDINES
2138865262239786112,November 8, 2015,Vanessa,Tyler,29057,Pecan,Spring Field,New Cicily,Spicy MEAT,CHEESE,PEPPERONI,SAUSAGE,BACON,JALAPENOS,JALAPENOS
2138865262239786113,November 8, 2015,Ann,Erica,14731,Cherry,Spring Field,New Cicily,Funky Medina,CHEESE,EXTRA_CHEESE,MUSHROOMS,ONIONS,SAUSAGE,BLACK_OLIVES,SARDINES
2138865262239786114,November 8, 2015,Timothy,Jim,25335,Hill,Spring Field,New Cicily,Stinky,CHEESE,ONIONS,EXTRA_CHEESE,GREEN_PEPPERS,JALAPENOS,SAUSAGE
2138865262239786114,November 8, 2015,Timothy,Jim,25335,Hill,Spring Field,New Cicily,MEAT,CHEESE,PEPPERONI,SAUSAGE,BACON
2138865262239786115,November 8, 2015,Brett,Andre,29414,Lehua,Spring Field,New Cicily,Big Green,ONIONS,BLACK_OLIVES,GREEN_PEPPERS,SPINACH,JALAPENOS,SARDINES
2138865262239786115,November 8, 2015,Brett,Andre,29414,Lehua,Spring Field,New Cicily,Big Green,ONIONS,BLACK_OLIVES,GREEN_PEPPERS,SPINACH,JALAPENOS,SARDINES
2138865262239786116,November 8, 2015,Maureen,Genesis,7967,Evergreen,Spring Field,New Cicily,Funky Medina,CHEESE,EXTRA_CHEESE,MUSHROOMS,ONIONS,SAUSAGE,BLACK_OLIVES,SARDINES
2138865262239786116,November 8, 2015,Maureen,Genesis,7967,Evergreen,Spring Field,New Cicily,Spicy MEAT,CHEESE,PEPPERONI,SAUSAGE,BACON,JALAPENOS,JALAPENOS
2138865262239786117,November 8, 2015,Timothy,Curtis,24322,S 100,Spring Field,New Cicily,Spicy MEAT,CHEESE,PEPPERONI,SAUSAGE,BACON,JALAPENOS,JALAPENOS
2138865262239786117,November 8, 2015,Timothy,Curtis,24322,S 100,Spring Field,New Cicily,Stinky,CHEESE,ONIONS,EXTRA_CHEESE,GREEN_PEPPERS,JALAPENOS,SAUSAGE
2138865262239786117,November 8, 2015,Timothy,Curtis,24322,S 100,Spring Field,New Cicily,Stinky,CHEESE,ONIONS,EXTRA_CHEESE,GREEN_PEPPERS,JALAPENOS,SAUSAGE
2138865262239786118,November 8, 2015,Timothy,Maria,25239,Apache,Spring Field,New Cicily,Spicy MEAT,CHEESE,PEPPERONI,SAUSAGE,BACON,JALAPENOS,JALAPENOS
2138865262239786119,November 8, 2015,Felicia,Susan,4946,Sunset,Spring Field,New Cicily,Big Green,ONIONS,BLACK_OLIVES,GREEN_PEPPERS,SPINACH,JALAPENOS,SARDINES
2138865262239786120,November 8, 2015,Maureen,Douglas,21939,Dogwood,Spring Field,New Cicily,Stinky,CHEESE,ONIONS,EXTRA_CHEESE,GREEN_PEPPERS,JALAPENOS,SAUSAGE
2138865262239786121,November 8, 2015,Valerie,Sally,9926,Fifth,Spring Field,New Cicily,Spicy MEAT,CHEESE,PEPPERONI,SAUSAGE,BACON,JALAPENOS,JALAPENOS
2138865262239786121,November 8, 2015,Valerie,Sally,9926,Fifth,Spring Field,New Cicily,Funky Medina,CHEESE,EXTRA_CHEESE,MUSHROOMS,ONIONS,SAUSAGE,BLACK_OLIVES,SARDINES
2138865262239786121,November 8, 2015,Valerie,Sally,9926,Fifth,Spring Field,New Cicily,MEAT,CHEESE,PEPPERONI,SAUSAGE,BACON
2138865262239786121,November 8, 2015,Valerie,Sally,9926,Fifth,Spring Field,New Cicily,MEAT,CHEESE,PEPPERONI,SAUSAGE,BACON
2138865262239786122,November 8, 2015,Vanessa,Troy,6550,Hillside,Spring Field,New Cicily,Funky Medina,CHEESE,EXTRA_CHEESE,MUSHROOMS,ONIONS,SAUSAGE,BLACK_OLIVES,SARDINES
2138865262239786122,November 8, 2015,Vanessa,Troy,6550,Hillside,Spring Field,New Cicily,MEAT,CHEESE,PEPPERONI,SAUSAGE,BACON
2138865262239786122,November 8, 2015,Vanessa,Troy,6550,Hillside,Spring Field,New Cicily,Stinky,CHEESE,ONIONS,EXTRA_CHEESE,GREEN_PEPPERS,JALAPENOS,SAUSAGE
2138865262239786122,November 8, 2015,Vanessa,Troy,6550,Hillside,Spring Field,New Cicily,MEAT,CHEESE,PEPPERONI,SAUSAGE,BACON
2138865262239786123,November 8, 2015,Maureen,Jill,20864,A,Spring Field,New Cicily,MEAT,CHEESE,PEPPERONI,SAUSAGE,BACON
2138865262239786123,November 8, 2015,Maureen,Jill,20864,A,Spring Field,New Cicily,Funky Medina,CHEESE,EXTRA_CHEESE,MUSHROOMS,ONIONS,SAUSAGE,BLACK_OLIVES,SARDINES
2138865262239786124,November 8, 2015,Brett,Jesus,14726,Shore,Spring Field,New Cicily,Stinky,CHEESE,ONIONS,EXTRA_CHEESE,GREEN_PEPPERS,JALAPENOS,SAUSAGE
2138865262239786124,November 8, 2015,Brett,Jesus,14726,Shore,Spring Field,New Cicily,Stinky,CHEESE,ONIONS,EXTRA_CHEESE,GREEN_PEPPERS,JALAPENOS,SAUSAGE
2138865262239786125,November 8, 2015,Ann,Rosemary,23776,Pioneer,Spring Field,New Cicily,Stinky,CHEESE,ONIONS,EXTRA_CHEESE,GREEN_PEPPERS,JALAPENOS,SAUSAGE
2138865262239786126,November 8, 2015,Vanessa,Julia,4519,Narragansett,Spring Field,New Cicily,MEAT,CHEESE,PEPPERONI,SAUSAGE,BACON
2138865262239786126,November 8, 2015,Vanessa,Julia,4519,Narragansett,Spring Field,New Cicily,Spicy MEAT,CHEESE,PEPPERONI,SAUSAGE,BACON,JALAPENOS,JALAPENOS
2138865262239786127,November 8, 2015,Tommy,William,3435,Oak,Spring Field,New Cicily,MEAT,CHEESE,PEPPERONI,SAUSAGE,BACON
2138865262239786127,November 8, 2015,Tommy,William,3435,Oak,Spring Field,New Cicily,Spicy MEAT,CHEESE,PEPPERONI,SAUSAGE,BACON,JALAPENOS,JALAPENOS
2138865262239786128,November 8, 2015,Tommy,Curtis,14417,Cypress,Spring Field,New Cicily,Big Green,ONIONS,BLACK_OLIVES,GREEN_PEPPERS,SPINACH,JALAPENOS,SARDINES
2138865262239786128,November 8, 2015,Tommy,Curtis,14417,Cypress,Spring Field,New Cicily,Spicy MEAT,CHEESE,PEPPERONI,SAUSAGE,BACON,JALAPENOS,JALAPENOS
2138865262239786129,November 8, 2015,Valerie,Matthew,7422,Mesquite,Spring Field,New Cicily,Big Green,ONIONS,BLACK_OLIVES,GREEN_PEPPERS,SPINACH,JALAPENOS,SARDINES
2138865262239786130,November 8, 2015,Ann,Carlos,6749,Hillside,Spring Field,New Cicily,Funky Medina,CHEESE,EXTRA_CHEESE,MUSHROOMS,ONIONS,SAUSAGE,BLACK_OLIVES,SARDINES
2138865262239786131,November 8, 2015,Brett,Sarah,22934,Smith,Spring Field,New Cicily,Big Green,ONIONS,BLACK_OLIVES,GREEN_PEPPERS,SPINACH,JALAPENOS,SARDINES
2138865262239786132,November 8, 2015,Felicia,Tanya,22095,Seventh,Spring Field,New Cicily,MEAT,CHEESE,PEPPERONI,SAUSAGE,BACON
2138865262239786132,November 8, 2015,Felicia,Tanya,22095,Seventh,Spring Field,New Cicily,Spicy MEAT,CHEESE,PEPPERONI,SAUSAGE,BACON,JALAPENOS,JALAPENOS
2138865262239786133,November 8, 2015,Ann,Brian,23726,Tenth,Spring Field,New Cicily,MEAT,CHEESE,PEPPERONI,SAUSAGE,BACON
2138865262239786133,November 8, 2015,Ann,Brian,23726,Tenth,Spring Field,New Cicily,Funky Medina,CHEESE,EXTRA_CHEESE,MUSHROOMS,ONIONS,SAUSAGE,BLACK_OLIVES,SARDINES
2138865262239786134,November 8, 2015,Valerie,Justin,5148,Cedar,Spring Field,New Cicily,Funky Medina,CHEESE,EXTRA_CHEESE,MUSHROOMS,ONIONS,SAUSAGE,BLACK_OLIVES,SARDINES
2138865262239786134,November 8, 2015,Valerie,Justin,5148,Cedar,Spring Field,New Cicily,Funky Medina,CHEESE,EXTRA_CHEESE,MUSHROOMS,ONIONS,SAUSAGE,BLACK_OLIVES,SARDINES
2138865262239786134,November 8, 2015,Valerie,Justin,5148,Cedar,Spring Field,New Cicily,Funky Medina,CHEESE,EXTRA_CHEESE,MUSHROOMS,ONIONS,SAUSAGE,BLACK_OLIVES,SARDINES
2138865262239786135,November 8, 2015,Timothy,Jamie,16442,Aspen,Spring Field,New Cicily,Funky Medina,CHEESE,EXTRA_CHEESE,MUSHROOMS,ONIONS,SAUSAGE,BLACK_OLIVES,SARDINES
2138865262239786135,November 8, 2015,Timothy,Jamie,16442,Aspen,Spring Field,New Cicily,Stinky,CHEESE,ONIONS,EXTRA_CHEESE,GREEN_PEPPERS,JALAPENOS,SAUSAGE
2138865262239786135,November 8, 2015,Timothy,Jamie,16442,Aspen,Spring Field,New Cicily,Big Green,ONIONS,BLACK_OLIVES,GREEN_PEPPERS,SPINACH,JALAPENOS,SARDINES
2138865262239786136,November 8, 2015,Tommy,Sally,10764,Narragansett,Spring Field,New Cicily,Stinky,CHEESE,ONIONS,EXTRA_CHEESE,GREEN_PEPPERS,JALAPENOS,SAUSAGE
2138865262239786136,November 8, 2015,Tommy,Sally,10764,Narragansett,Spring Field,New Cicily,Stinky,CHEESE,ONIONS,EXTRA_CHEESE,GREEN_PEPPERS,JALAPENOS,SAUSAGE
2138865262239786136,November 8, 2015,Tommy,Sally,10764,Narragansett,Spring Field,New Cicily,Spicy MEAT,CHEESE,PEPPERONI,SAUSAGE,BACON,JALAPENOS,JALAPENOS
2138865262239786137,November 8, 2015,Valerie,Jason,11948,Cypress,Spring Field,New Cicily,Stinky,CHEESE,ONIONS,EXTRA_CHEESE,GREEN_PEPPERS,JALAPENOS,SAUSAGE
2138865262239786137,November 8, 2015,Valerie,Jason,11948,Cypress,Spring Field,New Cicily,Funky Medina,CHEESE,EXTRA_CHEESE,MUSHROOMS,ONIONS,SAUSAGE,BLACK_OLIVES,SARDINES
2138865262239786137,November 8, 2015,Valerie,Jason,11948,Cypress,Spring Field,New Cicily,Funky Medina,CHEESE,EXTRA_CHEESE,MUSHROOMS,ONIONS,SAUSAGE,BLACK_OLIVES,SARDINES
2138865262239786138,November 8, 2015,Valerie,Patrick,15387,Third,Spring Field,New Cicily,MEAT,CHEESE,PEPPERONI,SAUSAGE,BACON
2138865262239786138,November 8, 2015,Valerie,Patrick,15387,Third,Spring Field,New Cicily,Big Green,ONIONS,BLACK_OLIVES,GREEN_PEPPERS,SPINACH,JALAPENOS,SARDINES
2138865262239786138,November 8, 2015,Valerie,Patrick,15387,Third,Spring Field,New Cicily,Big Green,ONIONS,BLACK_OLIVES,GREEN_PEPPERS,SPINACH,JALAPENOS,SARDINES
2138865262239786138,November 8, 2015,Valerie,Patrick,15387,Third,Spring Field,New Cicily,Stinky,CHEESE,ONIONS,EXTRA_CHEESE,GREEN_PEPPERS,JALAPENOS,SAUSAGE
2138865262239786139,November 8, 2015,Tommy,Kristine,14248,Oak,Spring Field,New Cicily,Big Green,ONIONS,BLACK_OLIVES,GREEN_PEPPERS,SPINACH,JALAPENOS,SARDINES
2138865262239786140,November 8, 2015,Felicia,Frederick,6448,Lake,Spring Field,New Cicily,Big Green,ONIONS,BLACK_OLIVES,GREEN_PEPPERS,SPINACH,JALAPENOS,SARDINES
2138865262239786140,November 8, 2015,Felicia,Frederick,6448,Lake,Spring Field,New Cicily,Big Green,ONIONS,BLACK_OLIVES,GREEN_PEPPERS,SPINACH,JALAPENOS,SARDINES
2138865262239786141,November 8, 2015,Tommy,Rex,24563,Malulani,Spring Field,New Cicily,Spicy MEAT,CHEESE,PEPPERONI,SAUSAGE,BACON,JALAPENOS,JALAPENOS
2138865262239786141,November 8, 2015,Tommy,Rex,24563,Malulani,Spring Field,New Cicily,Funky Medina,CHEESE,EXTRA_CHEESE,MUSHROOMS,ONIONS,SAUSAGE,BLACK_OLIVES,SARDINES
2138865262239786142,November 8, 2015,Maureen,Sydney,28743,Maple,Spring Field,New Cicily,Stinky,CHEESE,ONIONS,EXTRA_CHEESE,GREEN_PEPPERS,JALAPENOS,SAUSAGE
2138865262239786142,November 8, 2015,Maureen,Sydney,28743,Maple,Spring Field,New Cicily,MEAT,CHEESE,PEPPERONI,SAUSAGE,BACON
2138865262239786143,November 8, 2015,Vanessa,Roy,13866,Lake,Spring Field,New Cicily,Funky Medina,CHEESE,EXTRA_CHEESE,MUSHROOMS,ONIONS,SAUSAGE,BLACK_OLIVES,SARDINES
2138865262239786143,November 8, 2015,Vanessa,Roy,13866,Lake,Spring Field,New Cicily,Spicy MEAT,CHEESE,PEPPERONI,SAUSAGE,BACON,JALAPENOS,JALAPENOS
2138865262239786143,November 8, 2015,Vanessa,Roy,13866,Lake,Spring Field,New Cicily,Big Green,ONIONS,BLACK_OLIVES,GREEN_PEPPERS,SPINACH,JALAPENOS,SARDINES
2138865262239786144,November 8, 2015,Tommy,Ayden,10032,Sycamore,Spring Field,New Cicily,Stinky,CHEESE,ONIONS,EXTRA_CHEESE,GREEN_PEPPERS,JALAPENOS,SAUSAGE
2138865262239786144,November 8, 2015,Tommy,Ayden,10032,Sycamore,Spring Field,New Cicily,Spicy MEAT,CHEESE,PEPPERONI,SAUSAGE,BACON,JALAPENOS,JALAPENOS
2138865262239786144,November 8, 2015,Tommy,Ayden,10032,Sycamore,Spring Field,New Cicily,Funky Medina,CHEESE,EXTRA_CHEESE,MUSHROOMS,ONIONS,SAUSAGE,BLACK_OLIVES,SARDINES
2138865262239786145,November 8, 2015,Valerie,Billy,3383,Fourth,Spring Field,New Cicily,Funky Medina,CHEESE,EXTRA_CHEESE,MUSHROOMS,ONIONS,SAUSAGE,BLACK_OLIVES,SARDINES
2138865262239786146,November 9, 2015,Felicia,Melinda,6123,Juniper,Spring Field,New Cicily,MEAT,CHEESE,PEPPERONI,SAUSAGE,BACON
2138865262239786147,November 9, 2015,Timothy,Philip,9172,Walnut,Spring Field,New Cicily,MEAT,CHEESE,PEPPERONI,SAUSAGE,BACON
2138865262239786147,November 9, 2015,Timothy,Philip,9172,Walnut,Spring Field,New Cicily,Big Green,ONIONS,BLACK_OLIVES,GREEN_PEPPERS,SPINACH,JALAPENOS,SARDINES
2138865262239786147,November 9, 2015,Timothy,Philip,9172,Walnut,Spring Field,New Cicily,Spicy MEAT,CHEESE,PEPPERONI,SAUSAGE,BACON,JALAPENOS,JALAPENOS
2138865262239786148,November 9, 2015,Timothy,Leonard,28998,Lee,Spring Field,New Cicily,Stinky,CHEESE,ONIONS,EXTRA_CHEESE,GREEN_PEPPERS,JALAPENOS,SAUSAGE
2138865262239786149,November 9, 2015,Ann,Dolores,19700,Lincoln,Spring Field,New Cicily,Spicy MEAT,CHEESE,PEPPERONI,SAUSAGE,BACON,JALAPENOS,JALAPENOS
2138865262239786150,November 9, 2015,Vanessa,April,29780,Seventh,Spring Field,New Cicily,MEAT,CHEESE,PEPPERONI,SAUSAGE,BACON
2138865262239786150,November 9, 2015,Vanessa,April,29780,Seventh,Spring Field,New Cicily,Stinky,CHEESE,ONIONS,EXTRA_CHEESE,GREEN_PEPPERS,JALAPENOS,SAUSAGE
2138865262239786150,November 9, 2015,Vanessa,April,29780,Seventh,Spring Field,New Cicily,MEAT,CHEESE,PEPPERONI,SAUSAGE,BACON
2138865262239786151,November 9, 2015,Ann,Connor,1970,Fifth,Spring Field,New Cicily,Funky Medina,CHEESE,EXTRA_CHEESE,MUSHROOMS,ONIONS,SAUSAGE,BLACK_OLIVES,SARDINES
2138865262239786151,November 9, 2015,Ann,Connor,1970,Fifth,Spring Field,New Cicily,MEAT,CHEESE,PEPPERONI,SAUSAGE,BACON
2138865262239786152,November 9, 2015,Valerie,Tom,2730,Columbine,Spring Field,New Cicily,Big Green,ONIONS,BLACK_OLIVES,GREEN_PEPPERS,SPINACH,JALAPENOS,SARDINES
2138865262239786152,November 9, 2015,Valerie,Tom,2730,Columbine,Spring Field,New Cicily,Funky Medina,CHEESE,EXTRA_CHEESE,MUSHROOMS,ONIONS,SAUSAGE,BLACK_OLIVES,SARDINES
2138865262239786152,November 9, 2015,Valerie,Tom,2730,Columbine,Spring Field,New Cicily,Big Green,ONIONS,BLACK_OLIVES,GREEN_PEPPERS,SPINACH,JALAPENOS,SARDINES
2138865262239786153,November 9, 2015,Ann,Joan,29976,Shore,Spring Field,New Cicily,Funky Medina,CHEESE,EXTRA_CHEESE,MUSHROOMS,ONIONS,SAUSAGE,BLACK_OLIVES,SARDINES
2138865262239786154,November 9, 2015,Tommy,Deborah,12421,Cedar,Spring Field,New Cicily,Funky Medina,CHEESE,EXTRA_CHEESE,MUSHROOMS,ONIONS,SAUSAGE,BLACK_OLIVES,SARDINES
2138865262239786154,November 9, 2015,Tommy,Deborah,12421,Cedar,Spring Field,New Cicily,Funky Medina,CHEESE,EXTRA_CHEESE,MUSHROOMS,ONIONS,SAUSAGE,BLACK_OLIVES,SARDINES
2138865262239786155,November 9, 2015,Tommy,Cheryl,9717,Willow,Spring Field,New Cicily,MEAT,CHEESE,PEPPERONI,SAUSAGE,BACON
2138865262239786155,November 9, 2015,Tommy,Cheryl,9717,Willow,Spring Field,New Cicily,MEAT,CHEESE,PEPPERONI,SAUSAGE,BACON
2138865262239786155,November 9, 2015,Tommy,Cheryl,9717,Willow,Spring Field,New Cicily,Funky Medina,CHEESE,EXTRA_CHEESE,MUSHROOMS,ONIONS,SAUSAGE,BLACK_OLIVES,SARDINES
2138865262239786155,November 9, 2015,Tommy,Cheryl,9717,Willow,Spring Field,New Cicily,Big Green,ONIONS,BLACK_OLIVES,GREEN_PEPPERS,SPINACH,JALAPENOS,SARDINES
2138865262239786156,November 9, 2015,Felicia,Mary,17460,Washington,Spring Field,New Cicily,MEAT,CHEESE,PEPPERONI,SAUSAGE,BACON
2138865262239786156,November 9, 2015,Felicia,Mary,17460,Washington,Spring Field,New Cicily,MEAT,CHEESE,PEPPERONI,SAUSAGE,BACON
2138865262239786157,November 9, 2015,Timothy,Jerry,28513,Oak,Spring Field,New Cicily,Funky Medina,CHEESE,EXTRA_CHEESE,MUSHROOMS,ONIONS,SAUSAGE,BLACK_OLIVES,SARDINES
2138865262239786157,November 9, 2015,Timothy,Jerry,28513,Oak,Spring Field,New Cicily,Funky Medina,CHEESE,EXTRA_CHEESE,MUSHROOMS,ONIONS,SAUSAGE,BLACK_OLIVES,SARDINES
2138865262239786158,November 9, 2015,Vanessa,Henry,8384,S 100,Spring Field,New Cicily,Funky Medina,CHEESE,EXTRA_CHEESE,MUSHROOMS,ONIONS,SAUSAGE,BLACK_OLIVES,SARDINES
2138865262239786158,November 9, 2015,Vanessa,Henry,8384,S 100,Spring Field,New Cicily,Big Green,ONIONS,BLACK_OLIVES,GREEN_PEPPERS,SPINACH,JALAPENOS,SARDINES
2138865262239786159,November 9, 2015,Valerie,Cecil,29767,Maple,Spring Field,New Cicily,MEAT,CHEESE,PEPPERONI,SAUSAGE,BACON
2138865262239786160,November 9, 2015,Valerie,Bridget,9062,Hampton,Spring Field,New Cicily,Spicy MEAT,CHEESE,PEPPERONI,SAUSAGE,BACON,JALAPENOS,JALAPENOS
2138865262239786160,November 9, 2015,Valerie,Bridget,9062,Hampton,Spring Field,New Cicily,Stinky,CHEESE,ONIONS,EXTRA_CHEESE,GREEN_PEPPERS,JALAPENOS,SAUSAGE
2138865262239786161,November 9, 2015,Felicia,Felicia,23353,Dogwood,Spring Field,New Cicily,Funky Medina,CHEESE,EXTRA_CHEESE,MUSHROOMS,ONIONS,SAUSAGE,BLACK_OLIVES,SARDINES
2138865262239786161,November 9, 2015,Felicia,Felicia,23353,Dogwood,Spring Field,New Cicily,Big Green,ONIONS,BLACK_OLIVES,GREEN_PEPPERS,SPINACH,JALAPENOS,SARDINES
2138865262239786162,November 9, 2015,Valerie,Curtis,24322,S 100,Spring Field,New Cicily,Funky Medina,CHEESE,EXTRA_CHEESE,MUSHROOMS,ONIONS,SAUSAGE,BLACK_OLIVES,SARDINES
2138865262239786162,November 9, 2015,Valerie,Curtis,24322,S 100,Spring Field,New Cicily,MEAT,CHEESE,PEPPERONI,SAUSAGE,BACON
2138865262239786163,November 9, 2015,Timothy,Regina,6311,Spruce,Spring Field,New Cicily,Big Green,ONIONS,BLACK_OLIVES,GREEN_PEPPERS,SPINACH,JALAPENOS,SARDINES
2138865262239786163,November 9, 2015,Timothy,Regina,6311,Spruce,Spring Field,New Cicily,Stinky,CHEESE,ONIONS,EXTRA_CHEESE,GREEN_PEPPERS,JALAPENOS,SAUSAGE
2138865262239786163,November 9, 2015,Timothy,Regina,6311,Spruce,Spring Field,New Cicily,Big Green,ONIONS,BLACK_OLIVES,GREEN_PEPPERS,SPINACH,JALAPENOS,SARDINES
2138865262239786164,November 9, 2015,Valerie,Leslie,4209,Airport,Spring Field,New Cicily,Stinky,CHEESE,ONIONS,EXTRA_CHEESE,GREEN_PEPPERS,JALAPENOS,SAUSAGE
2138865262239786164,November 9, 2015,Valerie,Leslie,4209,Airport,Spring Field,New Cicily,Funky Medina,CHEESE,EXTRA_CHEESE,MUSHROOMS,ONIONS,SAUSAGE,BLACK_OLIVES,SARDINES
2138865262239786165,November 9, 2015,Maureen,Harold,14578,Eleventh,Spring Field,New Cicily,Stinky,CHEESE,ONIONS,EXTRA_CHEESE,GREEN_PEPPERS,JALAPENOS,SAUSAGE
2138865262239786165,November 9, 2015,Maureen,Harold,14578,Eleventh,Spring Field,New Cicily,Funky Medina,CHEESE,EXTRA_CHEESE,MUSHROOMS,ONIONS,SAUSAGE,BLACK_OLIVES,SARDINES
2138865262239786165,November 9, 2015,Maureen,Harold,14578,Eleventh,Spring Field,New Cicily,Stinky,CHEESE,ONIONS,EXTRA_CHEESE,GREEN_PEPPERS,JALAPENOS,SAUSAGE
2138865262239786166,November 9, 2015,Timothy,Juanita,27536,Seventh,Spring Field,New Cicily,MEAT,CHEESE,PEPPERONI,SAUSAGE,BACON
2138865262239786166,November 9, 2015,Timothy,Juanita,27536,Seventh,Spring Field,New Cicily,Funky Medina,CHEESE,EXTRA_CHEESE,MUSHROOMS,ONIONS,SAUSAGE,BLACK_OLIVES,SARDINES
2138865262239786167,November 9, 2015,Brett,Bobbie,21420,Malulani,Spring Field,New Cicily,Big Green,ONIONS,BLACK_OLIVES,GREEN_PEPPERS,SPINACH,JALAPENOS,SARDINES
2138865262239786167,November 9, 2015,Brett,Bobbie,21420,Malulani,Spring Field,New Cicily,Funky Medina,CHEESE,EXTRA_CHEESE,MUSHROOMS,ONIONS,SAUSAGE,BLACK_OLIVES,SARDINES
2138865262239786167,November 9, 2015,Brett,Bobbie,21420,Malulani,Spring Field,New Cicily,Funky Medina,CHEESE,EXTRA_CHEESE,MUSHROOMS,ONIONS,SAUSAGE,BLACK_OLIVES,SARDINES
2138865262239786168,November 9, 2015,Maureen,Cynthia,6040,Walnut,Spring Field,New Cicily,Big Green,ONIONS,BLACK_OLIVES,GREEN_PEPPERS,SPINACH,JALAPENOS,SARDINES
2138865262239786168,November 9, 2015,Maureen,Cynthia,6040,Walnut,Spring Field,New Cicily,MEAT,CHEESE,PEPPERONI,SAUSAGE,BACON
2138865262239786168,November 9, 2015,Maureen,Cynthia,6040,Walnut,Spring Field,New Cicily,MEAT,CHEESE,PEPPERONI,SAUSAGE,BACON
2138865262239786169,November 9, 2015,Tommy,Jack,6589,Redwood,Spring Field,New Cicily,Big Green,ONIONS,BLACK_OLIVES,GREEN_PEPPERS,SPINACH,JALAPENOS,SARDINES
2138865262239786169,November 9, 2015,Tommy,Jack,6589,Redwood,Spring Field,New Cicily,MEAT,CHEESE,PEPPERONI,SAUSAGE,BACON
2138865262239786170,November 9, 2015,Brett,Raymond,29317,West,Spring Field,New Cicily,Big Green,ONIONS,BLACK_OLIVES,GREEN_PEPPERS,SPINACH,JALAPENOS,SARDINES
2138865262239786170,November 9, 2015,Brett,Raymond,29317,West,Spring Field,New Cicily,Funky Medina,CHEESE,EXTRA_CHEESE,MUSHROOMS,ONIONS,SAUSAGE,BLACK_OLIVES,SARDINES
2138865262239786171,November 9, 2015,Felicia,Hector,24873,Narragansett,Spring Field,New Cicily,MEAT,CHEESE,PEPPERONI,SAUSAGE,BACON
2138865262239786171,November 9, 2015,Felicia,Hector,24873,Narragansett,Spring Field,New Cicily,MEAT,CHEESE,PEPPERONI,SAUSAGE,BACON
2138865262239786172,November 9, 2015,Felicia,Becky,25658,Kansas,Spring Field,New Cicily,Spicy MEAT,CHEESE,PEPPERONI,SAUSAGE,BACON,JALAPENOS,JALAPENOS
2138865262239786172,November 9, 2015,Felicia,Becky,25658,Kansas,Spring Field,New Cicily,Big Green,ONIONS,BLACK_OLIVES,GREEN_PEPPERS,SPINACH,JALAPENOS,SARDINES
2138865262239786173,November 9, 2015,Brett,Kristine,10891,Laurel,Spring Field,New Cicily,MEAT,CHEESE,PEPPERONI,SAUSAGE,BACON
2138865262239786173,November 9, 2015,Brett,Kristine,10891,Laurel,Spring Field,New Cicily,Funky Medina,CHEESE,EXTRA_CHEESE,MUSHROOMS,ONIONS,SAUSAGE,BLACK_OLIVES,SARDINES
2138865262239786173,November 9, 2015,Brett,Kristine,10891,Laurel,Spring Field,New Cicily,Stinky,CHEESE,ONIONS,EXTRA_CHEESE,GREEN_PEPPERS,JALAPENOS,SAUSAGE
2138865262239786174,November 9, 2015,Felicia,Jerry,28029,Highland,Spring Field,New Cicily,Big Green,ONIONS,BLACK_OLIVES,GREEN_PEPPERS,SPINACH,JALAPENOS,SARDINES
2138865262239786174,November 9, 2015,Felicia,Jerry,28029,Highland,Spring Field,New Cicily,Big Green,ONIONS,BLACK_OLIVES,GREEN_PEPPERS,SPINACH,JALAPENOS,SARDINES
2138865262239786175,November 9, 2015,Timothy,Alicia,21941,Canyon,Spring Field,New Cicily,Funky Medina,CHEESE,EXTRA_CHEESE,MUSHROOMS,ONIONS,SAUSAGE,BLACK_OLIVES,SARDINES
2138865262239786175,November 9, 2015,Timothy,Alicia,21941,Canyon,Spring Field,New Cicily,MEAT,CHEESE,PEPPERONI,SAUSAGE,BACON
2138865262239786176,November 9, 2015,Valerie,Wayne,28122,River,Spring Field,New Cicily,Spicy MEAT,CHEESE,PEPPERONI,SAUSAGE,BACON,JALAPENOS,JALAPENOS
2138865262239786176,November 9, 2015,Valerie,Wayne,28122,River,Spring Field,New Cicily,Stinky,CHEESE,ONIONS,EXTRA_CHEESE,GREEN_PEPPERS,JALAPENOS,SAUSAGE
2138865262239786176,November 9, 2015,Valerie,Wayne,28122,River,Spring Field,New Cicily,MEAT,CHEESE,PEPPERONI,SAUSAGE,BACON
2138865262239786177,November 9, 2015,Maureen,Stanley,5792,Cedar,Spring Field,New Cicily,Funky Medina,CHEESE,EXTRA_CHEESE,MUSHROOMS,ONIONS,SAUSAGE,BLACK_OLIVES,SARDINES
2138865262239786177,November 9, 2015,Maureen,Stanley,5792,Cedar,Spring Field,New Cicily,Funky Medina,CHEESE,EXTRA_CHEESE,MUSHROOMS,ONIONS,SAUSAGE,BLACK_OLIVES,SARDINES
2138865262239786177,November 9, 2015,Maureen,Stanley,5792,Cedar,Spring Field,New Cicily,Stinky,CHEESE,ONIONS,EXTRA_CHEESE,GREEN_PEPPERS,JALAPENOS,SAUSAGE
2138865262239786178,November 9, 2015,Maureen,John,10973,Main,Spring Field,New Cicily,Big Green,ONIONS,BLACK_OLIVES,GREEN_PEPPERS,SPINACH,JALAPENOS,SARDINES
2138865262239786179,November 9, 2015,Felicia,Ruth,17929,Palo Verde,Spring Field,New Cicily,Spicy MEAT,CHEESE,PEPPERONI,SAUSAGE,BACON,JALAPENOS,JALAPENOS
2138865262239786179,November 9, 2015,Felicia,Ruth,17929,Palo Verde,Spring Field,New Cicily,Stinky,CHEESE,ONIONS,EXTRA_CHEESE,GREEN_PEPPERS,JALAPENOS,SAUSAGE
2138865262239786179,November 9, 2015,Felicia,Ruth,17929,Palo Verde,Spring Field,New Cicily,MEAT,CHEESE,PEPPERONI,SAUSAGE,BACON
2138865262239786180,November 9, 2015,Ann,Owen,8788,Birch,Spring Field,New Cicily,Big Green,ONIONS,BLACK_OLIVES,GREEN_PEPPERS,SPINACH,JALAPENOS,SARDINES
2138865262239786180,November 9, 2015,Ann,Owen,8788,Birch,Spring Field,New Cicily,MEAT,CHEESE,PEPPERONI,SAUSAGE,BACON
2138865262239786180,November 9, 2015,Ann,Owen,8788,Birch,Spring Field,New Cicily,MEAT,CHEESE,PEPPERONI,SAUSAGE,BACON
2138865262239786181,November 9, 2015,Maureen,Walter,25219,Columbine,Spring Field,New Cicily,Stinky,CHEESE,ONIONS,EXTRA_CHEESE,GREEN_PEPPERS,JALAPENOS,SAUSAGE
2138865262239786181,November 9, 2015,Maureen,Walter,25219,Columbine,Spring Field,New Cicily,Big Green,ONIONS,BLACK_OLIVES,GREEN_PEPPERS,SPINACH,JALAPENOS,SARDINES
2138865262239786182,November 9, 2015,Ann,Christopher,26012,Second,Spring Field,New Cicily,Stinky,CHEESE,ONIONS,EXTRA_CHEESE,GREEN_PEPPERS,JALAPENOS,SAUSAGE
2138865262239786183,November 9, 2015,Felicia,Leonardo,16180,Quail,Spring Field,New Cicily,Stinky,CHEESE,ONIONS,EXTRA_CHEESE,GREEN_PEPPERS,JALAPENOS,SAUSAGE
2138865262239786184,November 9, 2015,Ann,Krystal,6566,Shore,Spring Field,New Cicily,Stinky,CHEESE,ONIONS,EXTRA_CHEESE,GREEN_PEPPERS,JALAPENOS,SAUSAGE
2138865262239786184,November 9, 2015,Ann,Krystal,6566,Shore,Spring Field,New Cicily,MEAT,CHEESE,PEPPERONI,SAUSAGE,BACON
2138865262239786185,November 9, 2015,Maureen,Kyle,7140,Malulani,Spring Field,New Cicily,Stinky,CHEESE,ONIONS,EXTRA_CHEESE,GREEN_PEPPERS,JALAPENOS,SAUSAGE
2138865262239786185,November 9, 2015,Maureen,Kyle,7140,Malulani,Spring Field,New Cicily,Funky Medina,CHEESE,EXTRA_CHEESE,MUSHROOMS,ONIONS,SAUSAGE,BLACK_OLIVES,SARDINES
2138865262239786186,November 9, 2015,Vanessa,Sydney,6625,Evergreen,Spring Field,New Cicily,Stinky,CHEESE,ONIONS,EXTRA_CHEESE,GREEN_PEPPERS,JALAPENOS,SAUSAGE
2138865262239786187,November 9, 2015,Ann,Marvin,16479,Jackson,Spring Field,New Cicily,Spicy MEAT,CHEESE,PEPPERONI,SAUSAGE,BACON,JALAPENOS,JALAPENOS
2138865262239786187,November 9, 2015,Ann,Marvin,16479,Jackson,Spring Field,New Cicily,MEAT,CHEESE,PEPPERONI,SAUSAGE,BACON
2138865262239786187,November 9, 2015,Ann,Marvin,16479,Jackson,Spring Field,New Cicily,Funky Medina,CHEESE,EXTRA_CHEESE,MUSHROOMS,ONIONS,SAUSAGE,BLACK_OLIVES,SARDINES
2138865262239786188,November 9, 2015,Timothy,Gregory,21017,Cherry,Spring Field,New Cicily,Big Green,ONIONS,BLACK_OLIVES,GREEN_PEPPERS,SPINACH,JALAPENOS,SARDINES
2138865262239786188,November 9, 2015,Timothy,Gregory,21017,Cherry,Spring Field,New Cicily,Funky Medina,CHEESE,EXTRA_CHEESE,MUSHROOMS,ONIONS,SAUSAGE,BLACK_OLIVES,SARDINES
2138865262239786188,November 9, 2015,Timothy,Gregory,21017,Cherry,Spring Field,New Cicily,Stinky,CHEESE,ONIONS,EXTRA_CHEESE,GREEN_PEPPERS,JALAPENOS,SAUSAGE
2138865262239786188,November 9, 2015,Timothy,Gregory,21017,Cherry,Spring Field,New Cicily,MEAT,CHEESE,PEPPERONI,SAUSAGE,BACON
2138865262239786189,November 9, 2015,Maureen,Denise,5033,Maple,Spring Field,New Cicily,Funky Medina,CHEESE,EXTRA_CHEESE,MUSHROOMS,ONIONS,SAUSAGE,BLACK_OLIVES,SARDINES
2138865262239786189,November 9, 2015,Maureen,Denise,5033,Maple,Spring Field,New Cicily,Spicy MEAT,CHEESE,PEPPERONI,SAUSAGE,BACON,JALAPENOS,JALAPENOS
2138865262239786190,November 9, 2015,Felicia,Julie,25763,Malulani,Spring Field,New Cicily,Stinky,CHEESE,ONIONS,EXTRA_CHEESE,GREEN_PEPPERS,JALAPENOS,SAUSAGE
2138865262239786190,November 9, 2015,Felicia,Julie,25763,Malulani,Spring Field,New Cicily,Big Green,ONIONS,BLACK_OLIVES,GREEN_PEPPERS,SPINACH,JALAPENOS,SARDINES
2138865262239786191,November 9, 2015,Valerie,April,12973,S 400,Spring Field,New Cicily,Big Green,ONIONS,BLACK_OLIVES,GREEN_PEPPERS,SPINACH,JALAPENOS,SARDINES
2138865262239786191,November 9, 2015,Valerie,April,12973,S 400,Spring Field,New Cicily,MEAT,CHEESE,PEPPERONI,SAUSAGE,BACON
2138865262239786192,November 9, 2015,Brett,Billy,18838,Ninth,Spring Field,New Cicily,Stinky,CHEESE,ONIONS,EXTRA_CHEESE,GREEN_PEPPERS,JALAPENOS,SAUSAGE
2138865262239786192,November 9, 2015,Brett,Billy,18838,Ninth,Spring Field,New Cicily,Big Green,ONIONS,BLACK_OLIVES,GREEN_PEPPERS,SPINACH,JALAPENOS,SARDINES
2138865262239786192,November 9, 2015,Brett,Billy,18838,Ninth,Spring Field,New Cicily,Stinky,CHEESE,ONIONS,EXTRA_CHEESE,GREEN_PEPPERS,JALAPENOS,SAUSAGE
2138865262239786192,November 9, 2015,Brett,Billy,18838,Ninth,Spring Field,New Cicily,MEAT,CHEESE,PEPPERONI,SAUSAGE,BACON
2138865262239786193,November 9, 2015,Maureen,Mikayla,13055,Ridge,Spring Field,New Cicily,Big Green,ONIONS,BLACK_OLIVES,GREEN_PEPPERS,SPINACH,JALAPENOS,SARDINES
2138865262239786194,November 9, 2015,Timothy,Joyce,11847,Sunset,Spring Field,New Cicily,MEAT,CHEESE,PEPPERONI,SAUSAGE,BACON
2138865262239786194,November 9, 2015,Timothy,Joyce,11847,Sunset,Spring Field,New Cicily,Big Green,ONIONS,BLACK_OLIVES,GREEN_PEPPERS,SPINACH,JALAPENOS,SARDINES
2138865262239786195,November 9, 2015,Timothy,Olivia,4737,Mountain View,Spring Field,New Cicily,Funky Medina,CHEESE,EXTRA_CHEESE,MUSHROOMS,ONIONS,SAUSAGE,BLACK_OLIVES,SARDINES
2138865262239786195,November 9, 2015,Timothy,Olivia,4737,Mountain View,Spring Field,New Cicily,Funky Medina,CHEESE,EXTRA_CHEESE,MUSHROOMS,ONIONS,SAUSAGE,BLACK_OLIVES,SARDINES
2138865262239786195,November 9, 2015,Timothy,Olivia,4737,Mountain View,Spring Field,New Cicily,Funky Medina,CHEESE,EXTRA_CHEESE,MUSHROOMS,ONIONS,SAUSAGE,BLACK_OLIVES,SARDINES
2138865262239786196,November 9, 2015,Vanessa,Gloria,3527,Broadway,Spring Field,New Cicily,Funky Medina,CHEESE,EXTRA_CHEESE,MUSHROOMS,ONIONS,SAUSAGE,BLACK_OLIVES,SARDINES
2138865262239786196,November 9, 2015,Vanessa,Gloria,3527,Broadway,Spring Field,New Cicily,Funky Medina,CHEESE,EXTRA_CHEESE,MUSHROOMS,ONIONS,SAUSAGE,BLACK_OLIVES,SARDINES
2138865262239786197,November 9, 2015,Ann,Helen,24506,Wilson,Spring Field,New Cicily,Stinky,CHEESE,ONIONS,EXTRA_CHEESE,GREEN_PEPPERS,JALAPENOS,SAUSAGE
2138865262239786198,November 9, 2015,Ann,Kathy,20003,Kahili,Spring Field,New Cicily,Funky Medina,CHEESE,EXTRA_CHEESE,MUSHROOMS,ONIONS,SAUSAGE,BLACK_OLIVES,SARDINES
2138865262239786198,November 9, 2015,Ann,Kathy,20003,Kahili,Spring Field,New Cicily,Stinky,CHEESE,ONIONS,EXTRA_CHEESE,GREEN_PEPPERS,JALAPENOS,SAUSAGE
2138865262239786199,November 9, 2015,Maureen,Jack,20067,Broadway,Spring Field,New Cicily,Funky Medina,CHEESE,EXTRA_CHEESE,MUSHROOMS,ONIONS,SAUSAGE,BLACK_OLIVES,SARDINES
2138865262239786199,November 9, 2015,Maureen,Jack,20067,Broadway,Spring Field,New Cicily,Big Green,ONIONS,BLACK_OLIVES,GREEN_PEPPERS,SPINACH,JALAPENOS,SARDINES
2138865262239786200,November 9, 2015,Valerie,Russell,17493,Bay,Spring Field,New Cicily,Big Green,ONIONS,BLACK_OLIVES,GREEN_PEPPERS,SPINACH,JALAPENOS,SARDINES
2138865262239786200,November 9, 2015,Valerie,Russell,17493,Bay,Spring Field,New Cicily,Spicy MEAT,CHEESE,PEPPERONI,SAUSAGE,BACON,JALAPENOS,JALAPENOS
2138865262239786200,November 9, 2015,Valerie,Russell,17493,Bay,Spring Field,New Cicily,Spicy MEAT,CHEESE,PEPPERONI,SAUSAGE,BACON,JALAPENOS,JALAPENOS
2138865262239786201,November 10, 2015,Maureen,Sally,11581,Thirteenth,Spring Field,New Cicily,MEAT,CHEESE,PEPPERONI,SAUSAGE,BACON
2138865262239786201,November 10, 2015,Maureen,Sally,11581,Thirteenth,Spring Field,New Cicily,Funky Medina,CHEESE,EXTRA_CHEESE,MUSHROOMS,ONIONS,SAUSAGE,BLACK_OLIVES,SARDINES
2138865262239786201,November 10, 2015,Maureen,Sally,11581,Thirteenth,Spring Field,New Cicily,Spicy MEAT,CHEESE,PEPPERONI,SAUSAGE,BACON,JALAPENOS,JALAPENOS
2138865262239786201,November 10, 2015,Maureen,Sally,11581,Thirteenth,Spring Field,New Cicily,Big Green,ONIONS,BLACK_OLIVES,GREEN_PEPPERS,SPINACH,JALAPENOS,SARDINES
2138865262239786202,November 10, 2015,Vanessa,Micheal,18079,North,Spring Field,New Cicily,Big Green,ONIONS,BLACK_OLIVES,GREEN_PEPPERS,SPINACH,JALAPENOS,SARDINES
2138865262239786203,November 10, 2015,Tommy,Lynda,5918,Palo Verde,Spring Field,New Cicily,Spicy MEAT,CHEESE,PEPPERONI,SAUSAGE,BACON,JALAPENOS,JALAPENOS
2138865262239786204,November 10, 2015,Maureen,Logan,913,Pioneer,Spring Field,New Cicily,Stinky,CHEESE,ONIONS,EXTRA_CHEESE,GREEN_PEPPERS,JALAPENOS,SAUSAGE
2138865262239786204,November 10, 2015,Maureen,Logan,913,Pioneer,Spring Field,New Cicily,MEAT,CHEESE,PEPPERONI,SAUSAGE,BACON
2138865262239786204,November 10, 2015,Maureen,Logan,913,Pioneer,Spring Field,New Cicily,MEAT,CHEESE,PEPPERONI,SAUSAGE,BACON
2138865262239786205,November 10, 2015,Tommy,Diamond,19129,Wood,Spring Field,New Cicily,MEAT,CHEESE,PEPPERONI,SAUSAGE,BACON
2138865262239786205,November 10, 2015,Tommy,Diamond,19129,Wood,Spring Field,New Cicily,Big Green,ONIONS,BLACK_OLIVES,GREEN_PEPPERS,SPINACH,JALAPENOS,SARDINES
2138865262239786206,November 10, 2015,Maureen,Adrian,7523,Ridge,Spring Field,New Cicily,Stinky,CHEESE,ONIONS,EXTRA_CHEESE,GREEN_PEPPERS,JALAPENOS,SAUSAGE
2138865262239786206,November 10, 2015,Maureen,Adrian,7523,Ridge,Spring Field,New Cicily,Big Green,ONIONS,BLACK_OLIVES,GREEN_PEPPERS,SPINACH,JALAPENOS,SARDINES
2138865262239786206,November 10, 2015,Maureen,Adrian,7523,Ridge,Spring Field,New Cicily,Big Green,ONIONS,BLACK_OLIVES,GREEN_PEPPERS,SPINACH,JALAPENOS,SARDINES
2138865262239786207,November 10, 2015,Maureen,Angie,16211,Evergreen,Spring Field,New Cicily,Spicy MEAT,CHEESE,PEPPERONI,SAUSAGE,BACON,JALAPENOS,JALAPENOS
2138865262239786207,November 10, 2015,Maureen,Angie,16211,Evergreen,Spring Field,New Cicily,Big Green,ONIONS,BLACK_OLIVES,GREEN_PEPPERS,SPINACH,JALAPENOS,SARDINES
2138865262239786207,November 10, 2015,Maureen,Angie,16211,Evergreen,Spring Field,New Cicily,Stinky,CHEESE,ONIONS,EXTRA_CHEESE,GREEN_PEPPERS,JALAPENOS,SAUSAGE
2138865262239786208,November 10, 2015,Vanessa,Madison,1630,Malulani,Spring Field,New Cicily,Stinky,CHEESE,ONIONS,EXTRA_CHEESE,GREEN_PEPPERS,JALAPENOS,SAUSAGE
2138865262239786208,November 10, 2015,Vanessa,Madison,1630,Malulani,Spring Field,New Cicily,MEAT,CHEESE,PEPPERONI,SAUSAGE,BACON
2138865262239786208,November 10, 2015,Vanessa,Madison,1630,Malulani,Spring Field,New Cicily,Spicy MEAT,CHEESE,PEPPERONI,SAUSAGE,BACON,JALAPENOS,JALAPENOS
2138865262239786209,November 10, 2015,Brett,Kristi,8712,Mesquite,Spring Field,New Cicily,Funky Medina,CHEESE,EXTRA_CHEESE,MUSHROOMS,ONIONS,SAUSAGE,BLACK_OLIVES,SARDINES
2138865262239786210,November 10, 2015,Timothy,Mason,26098,Sixth,Spring Field,New Cicily,Stinky,CHEESE,ONIONS,EXTRA_CHEESE,GREEN_PEPPERS,JALAPENOS,SAUSAGE
2138865262239786210,November 10, 2015,Timothy,Mason,26098,Sixth,Spring Field,New Cicily,Funky Medina,CHEESE,EXTRA_CHEESE,MUSHROOMS,ONIONS,SAUSAGE,BLACK_OLIVES,SARDINES
2138865262239786211,November 10, 2015,Tommy,Beatrice,26809,Apache,Spring Field,New Cicily,Funky Medina,CHEESE,EXTRA_CHEESE,MUSHROOMS,ONIONS,SAUSAGE,BLACK_OLIVES,SARDINES
2138865262239786212,November 10, 2015,Brett,Mark,8153,North,Spring Field,New Cicily,Funky Medina,CHEESE,EXTRA_CHEESE,MUSHROOMS,ONIONS,SAUSAGE,BLACK_OLIVES,SARDINES
2138865262239786212,November 10, 2015,Brett,Mark,8153,North,Spring Field,New Cicily,Funky Medina,CHEESE,EXTRA_CHEESE,MUSHROOMS,ONIONS,SAUSAGE,BLACK_OLIVES,SARDINES
2138865262239786213,November 10, 2015,Felicia,Mary,1747,Jackson,Spring Field,New Cicily,MEAT,CHEESE,PEPPERONI,SAUSAGE,BACON
2138865262239786213,November 10, 2015,Felicia,Mary,1747,Jackson,Spring Field,New Cicily,MEAT,CHEESE,PEPPERONI,SAUSAGE,BACON
2138865262239786213,November 10, 2015,Felicia,Mary,1747,Jackson,Spring Field,New Cicily,Spicy MEAT,CHEESE,PEPPERONI,SAUSAGE,BACON,JALAPENOS,JALAPENOS
2138865262239786214,November 10, 2015,Valerie,Bethany,4526,Juniper,Spring Field,New Cicily,Funky Medina,CHEESE,EXTRA_CHEESE,MUSHROOMS,ONIONS,SAUSAGE,BLACK_OLIVES,SARDINES
2138865262239786214,November 10, 2015,Valerie,Bethany,4526,Juniper,Spring Field,New Cicily,Stinky,CHEESE,ONIONS,EXTRA_CHEESE,GREEN_PEPPERS,JALAPENOS,SAUSAGE
2138865262239786215,November 10, 2015,Brett,Courtney,25072,Pine,Spring Field,New Cicily,Big Green,ONIONS,BLACK_OLIVES,GREEN_PEPPERS,SPINACH,JALAPENOS,SARDINES
2138865262239786215,November 10, 2015,Brett,Courtney,25072,Pine,Spring Field,New Cicily,Funky Medina,CHEESE,EXTRA_CHEESE,MUSHROOMS,ONIONS,SAUSAGE,BLACK_OLIVES,SARDINES
2138865262239786216,November 10, 2015,Valerie,Lynn,21171,Wood,Spring Field,New Cicily,Spicy MEAT,CHEESE,PEPPERONI,SAUSAGE,BACON,JALAPENOS,JALAPENOS
2138865262239786216,November 10, 2015,Valerie,Lynn,21171,Wood,Spring Field,New Cicily,Big Green,ONIONS,BLACK_OLIVES,GREEN_PEPPERS,SPINACH,JALAPENOS,SARDINES
2138865262239786217,November 10, 2015,Tommy,Yesenia,18218,Church,Spring Field,New Cicily,Stinky,CHEESE,ONIONS,EXTRA_CHEESE,GREEN_PEPPERS,JALAPENOS,SAUSAGE
2138865262239786217,November 10, 2015,Tommy,Yesenia,18218,Church,Spring Field,New Cicily,Stinky,CHEESE,ONIONS,EXTRA_CHEESE,GREEN_PEPPERS,JALAPENOS,SAUSAGE
2138865262239786217,November 10, 2015,Tommy,Yesenia,18218,Church,Spring Field,New Cicily,Spicy MEAT,CHEESE,PEPPERONI,SAUSAGE,BACON,JALAPENOS,JALAPENOS
2138865262239786217,November 10, 2015,Tommy,Yesenia,18218,Church,Spring Field,New Cicily,Funky Medina,CHEESE,EXTRA_CHEESE,MUSHROOMS,ONIONS,SAUSAGE,BLACK_OLIVES,SARDINES
2138865262239786218,November 10, 2015,Timothy,Emma,4678,Sixth,Spring Field,New Cicily,MEAT,CHEESE,PEPPERONI,SAUSAGE,BACON
2138865262239786218,November 10, 2015,Timothy,Emma,4678,Sixth,Spring Field,New Cicily,Funky Medina,CHEESE,EXTRA_CHEESE,MUSHROOMS,ONIONS,SAUSAGE,BLACK_OLIVES,SARDINES
2138865262239786218,November 10, 2015,Timothy,Emma,4678,Sixth,Spring Field,New Cicily,Funky Medina,CHEESE,EXTRA_CHEESE,MUSHROOMS,ONIONS,SAUSAGE,BLACK_OLIVES,SARDINES
2138865262239786219,November 10, 2015,Timothy,Howard,7297,Lakeview,Spring Field,New Cicily,MEAT,CHEESE,PEPPERONI,SAUSAGE,BACON
2138865262239786219,November 10, 2015,Timothy,Howard,7297,Lakeview,Spring Field,New Cicily,Funky Medina,CHEESE,EXTRA_CHEESE,MUSHROOMS,ONIONS,SAUSAGE,BLACK_OLIVES,SARDINES
2138865262239786219,November 10, 2015,Timothy,Howard,7297,Lakeview,Spring Field,New Cicily,Big Green,ONIONS,BLACK_OLIVES,GREEN_PEPPERS,SPINACH,JALAPENOS,SARDINES
2138865262239786219,November 10, 2015,Timothy,Howard,7297,Lakeview,Spring Field,New Cicily,Spicy MEAT,CHEESE,PEPPERONI,SAUSAGE,BACON,JALAPENOS,JALAPENOS
2138865262239786220,November 10, 2015,Timothy,Steven,4418,Third,Spring Field,New Cicily,Funky Medina,CHEESE,EXTRA_CHEESE,MUSHROOMS,ONIONS,SAUSAGE,BLACK_OLIVES,SARDINES
2138865262239786221,November 10, 2015,Ann,Arthur,7916,Church,Spring Field,New Cicily,MEAT,CHEESE,PEPPERONI,SAUSAGE,BACON
2138865262239786221,November 10, 2015,Ann,Arthur,7916,Church,Spring Field,New Cicily,MEAT,CHEESE,PEPPERONI,SAUSAGE,BACON
2138865262239786221,November 10, 2015,Ann,Arthur,7916,Church,Spring Field,New Cicily,Stinky,CHEESE,ONIONS,EXTRA_CHEESE,GREEN_PEPPERS,JALAPENOS,SAUSAGE
2138865262239786221,November 10, 2015,Ann,Arthur,7916,Church,Spring Field,New Cicily,Big Green,ONIONS,BLACK_OLIVES,GREEN_PEPPERS,SPINACH,JALAPENOS,SARDINES
2138865262239786222,November 10, 2015,Brett,Miguel,26963,Mountain View,Spring Field,New Cicily,Big Green,ONIONS,BLACK_OLIVES,GREEN_PEPPERS,SPINACH,JALAPENOS,SARDINES
2138865262239786222,November 10, 2015,Brett,Miguel,26963,Mountain View,Spring Field,New Cicily,Stinky,CHEESE,ONIONS,EXTRA_CHEESE,GREEN_PEPPERS,JALAPENOS,SAUSAGE
2138865262239786222,November 10, 2015,Brett,Miguel,26963,Mountain View,Spring Field,New Cicily,Funky Medina,CHEESE,EXTRA_CHEESE,MUSHROOMS,ONIONS,SAUSAGE,BLACK_OLIVES,SARDINES
2138865262239786223,November 10, 2015,Felicia,Tamara,840,Laurel,Spring Field,New Cicily,Stinky,CHEESE,ONIONS,EXTRA_CHEESE,GREEN_PEPPERS,JALAPENOS,SAUSAGE
2138865262239786223,November 10, 2015,Felicia,Tamara,840,Laurel,Spring Field,New Cicily,Spicy MEAT,CHEESE,PEPPERONI,SAUSAGE,BACON,JALAPENOS,JALAPENOS
2138865262239786224,November 10, 2015,Timothy,Anthony,11449,Evergreen,Spring Field,New Cicily,MEAT,CHEESE,PEPPERONI,SAUSAGE,BACON
2138865262239786224,November 10, 2015,Timothy,Anthony,11449,Evergreen,Spring Field,New Cicily,Funky Medina,CHEESE,EXTRA_CHEESE,MUSHROOMS,ONIONS,SAUSAGE,BLACK_OLIVES,SARDINES
2138865262239786224,November 10, 2015,Timothy,Anthony,11449,Evergreen,Spring Field,New Cicily,Big Green,ONIONS,BLACK_OLIVES,GREEN_PEPPERS,SPINACH,JALAPENOS,SARDINES
2138865262239786225,November 10, 2015,Felicia,Erik,21964,Pleasant,Spring Field,New Cicily,Funky Medina,CHEESE,EXTRA_CHEESE,MUSHROOMS,ONIONS,SAUSAGE,BLACK_OLIVES,SARDINES
2138865262239786226,November 10, 2015,Valerie,Kimberly,29870,Broadway,Spring Field,New Cicily,Spicy MEAT,CHEESE,PEPPERONI,SAUSAGE,BACON,JALAPENOS,JALAPENOS
2138865262239786226,November 10, 2015,Valerie,Kimberly,29870,Broadway,Spring Field,New Cicily,Stinky,CHEESE,ONIONS,EXTRA_CHEESE,GREEN_PEPPERS,JALAPENOS,SAUSAGE
2138865262239786226,November 10, 2015,Valerie,Kimberly,29870,Broadway,Spring Field,New Cicily,MEAT,CHEESE,PEPPERONI,SAUSAGE,BACON
2138865262239786227,November 10, 2015,Felicia,Ruben,18309,River,Spring Field,New Cicily,Spicy MEAT,CHEESE,PEPPERONI,SAUSAGE,BACON,JALAPENOS,JALAPENOS
2138865262239786228,November 10, 2015,Felicia,Vanessa,15176,Canyon,Spring Field,New Cicily,Big Green,ONIONS,BLACK_OLIVES,GREEN_PEPPERS,SPINACH,JALAPENOS,SARDINES
2138865262239786228,November 10, 2015,Felicia,Vanessa,15176,Canyon,Spring Field,New Cicily,Funky Medina,CHEESE,EXTRA_CHEESE,MUSHROOMS,ONIONS,SAUSAGE,BLACK_OLIVES,SARDINES
2138865262239786229,November 10, 2015,Valerie,Jared,9789,Second,Spring Field,New Cicily,Spicy MEAT,CHEESE,PEPPERONI,SAUSAGE,BACON,JALAPENOS,JALAPENOS
2138865262239786230,November 10, 2015,Vanessa,Patricia,14757,Elm,Spring Field,New Cicily,Funky Medina,CHEESE,EXTRA_CHEESE,MUSHROOMS,ONIONS,SAUSAGE,BLACK_OLIVES,SARDINES
2138865262239786230,November 10, 2015,Vanessa,Patricia,14757,Elm,Spring Field,New Cicily,Funky Medina,CHEESE,EXTRA_CHEESE,MUSHROOMS,ONIONS,SAUSAGE,BLACK_OLIVES,SARDINES
2138865262239786230,November 10, 2015,Vanessa,Patricia,14757,Elm,Spring Field,New Cicily,Spicy MEAT,CHEESE,PEPPERONI,SAUSAGE,BACON,JALAPENOS,JALAPENOS
2138865262239786231,November 10, 2015,Brett,Jade,22433,S 100,Spring Field,New Cicily,Funky Medina,CHEESE,EXTRA_CHEESE,MUSHROOMS,ONIONS,SAUSAGE,BLACK_OLIVES,SARDINES
2138865262239786232,November 10, 2015,Ann,Gerald,12633,Redwood,Spring Field,New Cicily,Funky Medina,CHEESE,EXTRA_CHEESE,MUSHROOMS,ONIONS,SAUSAGE,BLACK_OLIVES,SARDINES
2138865262239786232,November 10, 2015,Ann,Gerald,12633,Redwood,Spring Field,New Cicily,Spicy MEAT,CHEESE,PEPPERONI,SAUSAGE,BACON,JALAPENOS,JALAPENOS
2138865262239786233,November 10, 2015,Maureen,Fred,8738,Dogwood,Spring Field,New Cicily,Big Green,ONIONS,BLACK_OLIVES,GREEN_PEPPERS,SPINACH,JALAPENOS,SARDINES
2138865262239786234,November 10, 2015,Timothy,Ellie,14806,Fourth,Spring Field,New Cicily,Stinky,CHEESE,ONIONS,EXTRA_CHEESE,GREEN_PEPPERS,JALAPENOS,SAUSAGE
2138865262239786234,November 10, 2015,Timothy,Ellie,14806,Fourth,Spring Field,New Cicily,Funky Medina,CHEESE,EXTRA_CHEESE,MUSHROOMS,ONIONS,SAUSAGE,BLACK_OLIVES,SARDINES
2138865262239786235,November 10, 2015,Timothy,Bonnie,28421,Airport,Spring Field,New Cicily,Funky Medina,CHEESE,EXTRA_CHEESE,MUSHROOMS,ONIONS,SAUSAGE,BLACK_OLIVES,SARDINES
2138865262239786235,November 10, 2015,Timothy,Bonnie,28421,Airport,Spring Field,New Cicily,Stinky,CHEESE,ONIONS,EXTRA_CHEESE,GREEN_PEPPERS,JALAPENOS,SAUSAGE
2138865262239786236,November 10, 2015,Felicia,Alexandra,5525,Cottonwood,Spring Field,New Cicily,Big Green,ONIONS,BLACK_OLIVES,GREEN_PEPPERS,SPINACH,JALAPENOS,SARDINES
2138865262239786236,November 10, 2015,Felicia,Alexandra,5525,Cottonwood,Spring Field,New Cicily,Big Green,ONIONS,BLACK_OLIVES,GREEN_PEPPERS,SPINACH,JALAPENOS,SARDINES
2138865262239786237,November 10, 2015,Vanessa,Jerome,19989,Navajo,Spring Field,New Cicily,Funky Medina,CHEESE,EXTRA_CHEESE,MUSHROOMS,ONIONS,SAUSAGE,BLACK_OLIVES,SARDINES
2138865262239786238,November 10, 2015,Timothy,Henry,471,Juniper,Spring Field,New Cicily,Big Green,ONIONS,BLACK_OLIVES,GREEN_PEPPERS,SPINACH,JALAPENOS,SARDINES
2138865262239786238,November 10, 2015,Timothy,Henry,471,Juniper,Spring Field,New Cicily,Spicy MEAT,CHEESE,PEPPERONI,SAUSAGE,BACON,JALAPENOS,JALAPENOS
2138865262239786238,November 10, 2015,Timothy,Henry,471,Juniper,Spring Field,New Cicily,Stinky,CHEESE,ONIONS,EXTRA_CHEESE,GREEN_PEPPERS,JALAPENOS,SAUSAGE
2138865262239786239,November 10, 2015,Valerie,Paul,14500,Evergreen,Spring Field,New Cicily,Spicy MEAT,CHEESE,PEPPERONI,SAUSAGE,BACON,JALAPENOS,JALAPENOS
2138865262239786239,November 10, 2015,Valerie,Paul,14500,Evergreen,Spring Field,New Cicily,Stinky,CHEESE,ONIONS,EXTRA_CHEESE,GREEN_PEPPERS,JALAPENOS,SAUSAGE
2138865262239786240,November 11, 2015,Tommy,Bradley,16918,Hampton,Spring Field,New Cicily,MEAT,CHEESE,PEPPERONI,SAUSAGE,BACON
2138865262239786240,November 11, 2015,Tommy,Bradley,16918,Hampton,Spring Field,New Cicily,Big Green,ONIONS,BLACK_OLIVES,GREEN_PEPPERS,SPINACH,JALAPENOS,SARDINES
2138865262239786240,November 11, 2015,Tommy,Bradley,16918,Hampton,Spring Field,New Cicily,Big Green,ONIONS,BLACK_OLIVES,GREEN_PEPPERS,SPINACH,JALAPENOS,SARDINES
2138865262239786241,November 11, 2015,Maureen,Jean,10867,Navajo,Spring Field,New Cicily,Funky Medina,CHEESE,EXTRA_CHEESE,MUSHROOMS,ONIONS,SAUSAGE,BLACK_OLIVES,SARDINES
2138865262239786241,November 11, 2015,Maureen,Jean,10867,Navajo,Spring Field,New Cicily,MEAT,CHEESE,PEPPERONI,SAUSAGE,BACON
2138865262239786241,November 11, 2015,Maureen,Jean,10867,Navajo,Spring Field,New Cicily,MEAT,CHEESE,PEPPERONI,SAUSAGE,BACON
2138865262239786242,November 11, 2015,Vanessa,Don,7944,Shore,Spring Field,New Cicily,Funky Medina,CHEESE,EXTRA_CHEESE,MUSHROOMS,ONIONS,SAUSAGE,BLACK_OLIVES,SARDINES
2138865262239786243,November 11, 2015,Valerie,Leroy,21439,Navajo,Spring Field,New Cicily,Spicy MEAT,CHEESE,PEPPERONI,SAUSAGE,BACON,JALAPENOS,JALAPENOS
2138865262239786244,November 11, 2015,Ann,Samuel,2015,Mesquite,Spring Field,New Cicily,MEAT,CHEESE,PEPPERONI,SAUSAGE,BACON
2138865262239786244,November 11, 2015,Ann,Samuel,2015,Mesquite,Spring Field,New Cicily,Stinky,CHEESE,ONIONS,EXTRA_CHEESE,GREEN_PEPPERS,JALAPENOS,SAUSAGE
2138865262239786244,November 11, 2015,Ann,Samuel,2015,Mesquite,Spring Field,New Cicily,Spicy MEAT,CHEESE,PEPPERONI,SAUSAGE,BACON,JALAPENOS,JALAPENOS
2138865262239786244,November 11, 2015,Ann,Samuel,2015,Mesquite,Spring Field,New Cicily,Stinky,CHEESE,ONIONS,EXTRA_CHEESE,GREEN_PEPPERS,JALAPENOS,SAUSAGE
2138865262239786245,November 11, 2015,Glenn,Cindy,3932,Cedar,Spring Field,New Cicily,Funky Medina,CHEESE,EXTRA_CHEESE,MUSHROOMS,ONIONS,SAUSAGE,BLACK_OLIVES,SARDINES
2138865262239786245,November 11, 2015,Glenn,Cindy,3932,Cedar,Spring Field,New Cicily,Spicy MEAT,CHEESE,PEPPERONI,SAUSAGE,BACON,JALAPENOS,JALAPENOS
2138865262239786245,November 11, 2015,Glenn,Cindy,3932,Cedar,Spring Field,New Cicily,Spicy MEAT,CHEESE,PEPPERONI,SAUSAGE,BACON,JALAPENOS,JALAPENOS
2138865262239786245,November 11, 2015,Glenn,Cindy,3932,Cedar,Spring Field,New Cicily,Big Green,ONIONS,BLACK_OLIVES,GREEN_PEPPERS,SPINACH,JALAPENOS,SARDINES
2138865262239786246,November 11, 2015,Timothy,Juan,21123,Pine,Spring Field,New Cicily,MEAT,CHEESE,PEPPERONI,SAUSAGE,BACON
2138865262239786246,November 11, 2015,Timothy,Juan,21123,Pine,Spring Field,New Cicily,Funky Medina,CHEESE,EXTRA_CHEESE,MUSHROOMS,ONIONS,SAUSAGE,BLACK_OLIVES,SARDINES
2138865262239786246,November 11, 2015,Timothy,Juan,21123,Pine,Spring Field,New Cicily,Big Green,ONIONS,BLACK_OLIVES,GREEN_PEPPERS,SPINACH,JALAPENOS,SARDINES
2138865262239786246,November 11, 2015,Timothy,Juan,21123,Pine,Spring Field,New Cicily,Funky Medina,CHEESE,EXTRA_CHEESE,MUSHROOMS,ONIONS,SAUSAGE,BLACK_OLIVES,SARDINES
2138865262239786247,November 11, 2015,Ann,Ruby,17040,Quail,Spring Field,New Cicily,Big Green,ONIONS,BLACK_OLIVES,GREEN_PEPPERS,SPINACH,JALAPENOS,SARDINES
2138865262239786247,November 11, 2015,Ann,Ruby,17040,Quail,Spring Field,New Cicily,MEAT,CHEESE,PEPPERONI,SAUSAGE,BACON
2138865262239786248,November 11, 2015,Glenn,Joann,767,Kahili,Spring Field,New Cicily,Stinky,CHEESE,ONIONS,EXTRA_CHEESE,GREEN_PEPPERS,JALAPENOS,SAUSAGE
2138865262239786248,November 11, 2015,Glenn,Joann,767,Kahili,Spring Field,New Cicily,Funky Medina,CHEESE,EXTRA_CHEESE,MUSHROOMS,ONIONS,SAUSAGE,BLACK_OLIVES,SARDINES
2138865262239786248,November 11, 2015,Glenn,Joann,767,Kahili,Spring Field,New Cicily,MEAT,CHEESE,PEPPERONI,SAUSAGE,BACON
2138865262239786249,November 11, 2015,Glenn,Ella,15622,Third,Spring Field,New Cicily,MEAT,CHEESE,PEPPERONI,SAUSAGE,BACON
2138865262239786249,November 11, 2015,Glenn,Ella,15622,Third,Spring Field,New Cicily,Stinky,CHEESE,ONIONS,EXTRA_CHEESE,GREEN_PEPPERS,JALAPENOS,SAUSAGE
2138865262239786249,November 11, 2015,Glenn,Ella,15622,Third,Spring Field,New Cicily,Big Green,ONIONS,BLACK_OLIVES,GREEN_PEPPERS,SPINACH,JALAPENOS,SARDINES
2138865262239786250,November 11, 2015,Vanessa,Marvin,15808,Spruce,Spring Field,New Cicily,Funky Medina,CHEESE,EXTRA_CHEESE,MUSHROOMS,ONIONS,SAUSAGE,BLACK_OLIVES,SARDINES
2138865262239786251,November 11, 2015,Vanessa,Allison,850,Pioneer,Spring Field,New Cicily,Stinky,CHEESE,ONIONS,EXTRA_CHEESE,GREEN_PEPPERS,JALAPENOS,SAUSAGE
2138865262239786251,November 11, 2015,Vanessa,Allison,850,Pioneer,Spring Field,New Cicily,Stinky,CHEESE,ONIONS,EXTRA_CHEESE,GREEN_PEPPERS,JALAPENOS,SAUSAGE
2138865262239786251,November 11, 2015,Vanessa,Allison,850,Pioneer,Spring Field,New Cicily,Spicy MEAT,CHEESE,PEPPERONI,SAUSAGE,BACON,JALAPENOS,JALAPENOS
2138865262239786251,November 11, 2015,Vanessa,Allison,850,Pioneer,Spring Field,New Cicily,MEAT,CHEESE,PEPPERONI,SAUSAGE,BACON
2138865262239786252,November 11, 2015,Vanessa,Janice,22572,Sycamore,Spring Field,New Cicily,Stinky,CHEESE,ONIONS,EXTRA_CHEESE,GREEN_PEPPERS,JALAPENOS,SAUSAGE
2138865262239786252,November 11, 2015,Vanessa,Janice,22572,Sycamore,Spring Field,New Cicily,Big Green,ONIONS,BLACK_OLIVES,GREEN_PEPPERS,SPINACH,JALAPENOS,SARDINES
2138865262239786252,November 11, 2015,Vanessa,Janice,22572,Sycamore,Spring Field,New Cicily,Spicy MEAT,CHEESE,PEPPERONI,SAUSAGE,BACON,JALAPENOS,JALAPENOS
2138865262239786252,November 11, 2015,Vanessa,Janice,22572,Sycamore,Spring Field,New Cicily,Big Green,ONIONS,BLACK_OLIVES,GREEN_PEPPERS,SPINACH,JALAPENOS,SARDINES
2138865262239786253,November 11, 2015,Valerie,Lisa,16034,Wood,Spring Field,New Cicily,Stinky,CHEESE,ONIONS,EXTRA_CHEESE,GREEN_PEPPERS,JALAPENOS,SAUSAGE
2138865262239786254,November 11, 2015,Maureen,Alice,7051,Thirteenth,Spring Field,New Cicily,Stinky,CHEESE,ONIONS,EXTRA_CHEESE,GREEN_PEPPERS,JALAPENOS,SAUSAGE
2138865262239786255,November 11, 2015,Maureen,Stefanie,12084,Navajo,Spring Field,New Cicily,Funky Medina,CHEESE,EXTRA_CHEESE,MUSHROOMS,ONIONS,SAUSAGE,BLACK_OLIVES,SARDINES
2138865262239786255,November 11, 2015,Maureen,Stefanie,12084,Navajo,Spring Field,New Cicily,Stinky,CHEESE,ONIONS,EXTRA_CHEESE,GREEN_PEPPERS,JALAPENOS,SAUSAGE
2138865262239786255,November 11, 2015,Maureen,Stefanie,12084,Navajo,Spring Field,New Cicily,Stinky,CHEESE,ONIONS,EXTRA_CHEESE,GREEN_PEPPERS,JALAPENOS,SAUSAGE
2138865262239786256,November 11, 2015,Glenn,Mike,12943,Ninth,Spring Field,New Cicily,Funky Medina,CHEESE,EXTRA_CHEESE,MUSHROOMS,ONIONS,SAUSAGE,BLACK_OLIVES,SARDINES
2138865262239786257,November 11, 2015,Tommy,Latoya,5843,Pioneer,Spring Field,New Cicily,Big Green,ONIONS,BLACK_OLIVES,GREEN_PEPPERS,SPINACH,JALAPENOS,SARDINES
2138865262239786257,November 11, 2015,Tommy,Latoya,5843,Pioneer,Spring Field,New Cicily,Funky Medina,CHEESE,EXTRA_CHEESE,MUSHROOMS,ONIONS,SAUSAGE,BLACK_OLIVES,SARDINES
2138865262239786257,November 11, 2015,Tommy,Latoya,5843,Pioneer,Spring Field,New Cicily,Big Green,ONIONS,BLACK_OLIVES,GREEN_PEPPERS,SPINACH,JALAPENOS,SARDINES
2138865262239786258,November 11, 2015,Brett,Katelyn,16325,River,Spring Field,New Cicily,MEAT,CHEESE,PEPPERONI,SAUSAGE,BACON
2138865262239786259,November 11, 2015,Vanessa,Suzanne,29239,Aloha,Spring Field,New Cicily,Big Green,ONIONS,BLACK_OLIVES,GREEN_PEPPERS,SPINACH,JALAPENOS,SARDINES
2138865262239786259,November 11, 2015,Vanessa,Suzanne,29239,Aloha,Spring Field,New Cicily,MEAT,CHEESE,PEPPERONI,SAUSAGE,BACON
2138865262239786259,November 11, 2015,Vanessa,Suzanne,29239,Aloha,Spring Field,New Cicily,Big Green,ONIONS,BLACK_OLIVES,GREEN_PEPPERS,SPINACH,JALAPENOS,SARDINES
2138865262239786260,November 11, 2015,Maureen,Heather,23242,Mountain View,Spring Field,New Cicily,Stinky,CHEESE,ONIONS,EXTRA_CHEESE,GREEN_PEPPERS,JALAPENOS,SAUSAGE
2138865262239786260,November 11, 2015,Maureen,Heather,23242,Mountain View,Spring Field,New Cicily,Big Green,ONIONS,BLACK_OLIVES,GREEN_PEPPERS,SPINACH,JALAPENOS,SARDINES
2138865262239786261,November 11, 2015,Tommy,Shirley,6338,Washington,Spring Field,New Cicily,Funky Medina,CHEESE,EXTRA_CHEESE,MUSHROOMS,ONIONS,SAUSAGE,BLACK_OLIVES,SARDINES
2138865262239786262,November 11, 2015,Ann,Sherry,23705,Hillside,Spring Field,New Cicily,Stinky,CHEESE,ONIONS,EXTRA_CHEESE,GREEN_PEPPERS,JALAPENOS,SAUSAGE
2138865262239786262,November 11, 2015,Ann,Sherry,23705,Hillside,Spring Field,New Cicily,MEAT,CHEESE,PEPPERONI,SAUSAGE,BACON
2138865262239786263,November 11, 2015,Glenn,Tony,2554,Hemlock,Spring Field,New Cicily,Stinky,CHEESE,ONIONS,EXTRA_CHEESE,GREEN_PEPPERS,JALAPENOS,SAUSAGE
2138865262239786264,November 11, 2015,Ann,Joanna,28902,Lehua,Spring Field,New Cicily,Stinky,CHEESE,ONIONS,EXTRA_CHEESE,GREEN_PEPPERS,JALAPENOS,SAUSAGE
2138865262239786265,November 11, 2015,Maureen,Brady,29144,Aloha,Spring Field,New Cicily,MEAT,CHEESE,PEPPERONI,SAUSAGE,BACON
2138865262239786266,November 11, 2015,Maureen,Lucy,12197,Cottonwood,Spring Field,New Cicily,Big Green,ONIONS,BLACK_OLIVES,GREEN_PEPPERS,SPINACH,JALAPENOS,SARDINES
2138865262239786266,November 11, 2015,Maureen,Lucy,12197,Cottonwood,Spring Field,New Cicily,Big Green,ONIONS,BLACK_OLIVES,GREEN_PEPPERS,SPINACH,JALAPENOS,SARDINES
2138865262239786267,November 11, 2015,Timothy,Nicholas,14873,Williams,Spring Field,New Cicily,MEAT,CHEESE,PEPPERONI,SAUSAGE,BACON
2138865262239786267,November 11, 2015,Timothy,Nicholas,14873,Williams,Spring Field,New Cicily,MEAT,CHEESE,PEPPERONI,SAUSAGE,BACON
2138865262239786268,November 11, 2015,Vanessa,Paulette,325,Sunset,Spring Field,New Cicily,Funky Medina,CHEESE,EXTRA_CHEESE,MUSHROOMS,ONIONS,SAUSAGE,BLACK_OLIVES,SARDINES
2138865262239786269,November 11, 2015,Vanessa,Martha,20773,Pioneer,Spring Field,New Cicily,Funky Medina,CHEESE,EXTRA_CHEESE,MUSHROOMS,ONIONS,SAUSAGE,BLACK_OLIVES,SARDINES
2138865262239786269,November 11, 2015,Vanessa,Martha,20773,Pioneer,Spring Field,New Cicily,Spicy MEAT,CHEESE,PEPPERONI,SAUSAGE,BACON,JALAPENOS,JALAPENOS
2138865262239786269,November 11, 2015,Vanessa,Martha,20773,Pioneer,Spring Field,New Cicily,Funky Medina,CHEESE,EXTRA_CHEESE,MUSHROOMS,ONIONS,SAUSAGE,BLACK_OLIVES,SARDINES
2138865262239786269,November 11, 2015,Vanessa,Martha,20773,Pioneer,Spring Field,New Cicily,Spicy MEAT,CHEESE,PEPPERONI,SAUSAGE,BACON,JALAPENOS,JALAPENOS
2138865262239786270,November 11, 2015,Tommy,Hannah,27212,Aspen,Spring Field,New Cicily,Funky Medina,CHEESE,EXTRA_CHEESE,MUSHROOMS,ONIONS,SAUSAGE,BLACK_OLIVES,SARDINES
2138865262239786270,November 11, 2015,Tommy,Hannah,27212,Aspen,Spring Field,New Cicily,Big Green,ONIONS,BLACK_OLIVES,GREEN_PEPPERS,SPINACH,JALAPENOS,SARDINES
2138865262239786271,November 11, 2015,Tommy,Alicia,21941,Canyon,Spring Field,New Cicily,Stinky,CHEESE,ONIONS,EXTRA_CHEESE,GREEN_PEPPERS,JALAPENOS,SAUSAGE
2138865262239786272,November 11, 2015,Tommy,Jessie,4786,Kansas,Spring Field,New Cicily,Stinky,CHEESE,ONIONS,EXTRA_CHEESE,GREEN_PEPPERS,JALAPENOS,SAUSAGE
2138865262239786272,November 11, 2015,Tommy,Jessie,4786,Kansas,Spring Field,New Cicily,Stinky,CHEESE,ONIONS,EXTRA_CHEESE,GREEN_PEPPERS,JALAPENOS,SAUSAGE
2138865262239786272,November 11, 2015,Tommy,Jessie,4786,Kansas,Spring Field,New Cicily,Stinky,CHEESE,ONIONS,EXTRA_CHEESE,GREEN_PEPPERS,JALAPENOS,SAUSAGE
2138865262239786273,November 11, 2015,Brett,Stanley,8768,Pine,Spring Field,New Cicily,Big Green,ONIONS,BLACK_OLIVES,GREEN_PEPPERS,SPINACH,JALAPENOS,SARDINES
2138865262239786273,November 11, 2015,Brett,Stanley,8768,Pine,Spring Field,New Cicily,Spicy MEAT,CHEESE,PEPPERONI,SAUSAGE,BACON,JALAPENOS,JALAPENOS
2138865262239786274,November 11, 2015,Vanessa,Rosemary,13432,Sunset,Spring Field,New Cicily,Funky Medina,CHEESE,EXTRA_CHEESE,MUSHROOMS,ONIONS,SAUSAGE,BLACK_OLIVES,SARDINES
2138865262239786275,November 11, 2015,Ann,Sydney,7562,Cherry,Spring Field,New Cicily,Stinky,CHEESE,ONIONS,EXTRA_CHEESE,GREEN_PEPPERS,JALAPENOS,SAUSAGE
2138865262239786276,November 11, 2015,Brett,Gregg,13590,Walnut,Spring Field,New Cicily,Funky Medina,CHEESE,EXTRA_CHEESE,MUSHROOMS,ONIONS,SAUSAGE,BLACK_OLIVES,SARDINES
2138865262239786276,November 11, 2015,Brett,Gregg,13590,Walnut,Spring Field,New Cicily,Spicy MEAT,CHEESE,PEPPERONI,SAUSAGE,BACON,JALAPENOS,JALAPENOS
2138865262239786276,November 11, 2015,Brett,Gregg,13590,Walnut,Spring Field,New Cicily,Funky Medina,CHEESE,EXTRA_CHEESE,MUSHROOMS,ONIONS,SAUSAGE,BLACK_OLIVES,SARDINES
2138865262239786277,November 11, 2015,Brett,Walter,25219,Columbine,Spring Field,New Cicily,Spicy MEAT,CHEESE,PEPPERONI,SAUSAGE,BACON,JALAPENOS,JALAPENOS
2138865262239786277,November 11, 2015,Brett,Walter,25219,Columbine,Spring Field,New Cicily,Big Green,ONIONS,BLACK_OLIVES,GREEN_PEPPERS,SPINACH,JALAPENOS,SARDINES
2138865262239786278,November 11, 2015,Timothy,Alan,14015,River,Spring Field,New Cicily,Spicy MEAT,CHEESE,PEPPERONI,SAUSAGE,BACON,JALAPENOS,JALAPENOS
2138865262239786278,November 11, 2015,Timothy,Alan,14015,River,Spring Field,New Cicily,Funky Medina,CHEESE,EXTRA_CHEESE,MUSHROOMS,ONIONS,SAUSAGE,BLACK_OLIVES,SARDINES
2138865262239786278,November 11, 2015,Timothy,Alan,14015,River,Spring Field,New Cicily,MEAT,CHEESE,PEPPERONI,SAUSAGE,BACON
2138865262239786278,November 11, 2015,Timothy,Alan,14015,River,Spring Field,New Cicily,Big Green,ONIONS,BLACK_OLIVES,GREEN_PEPPERS,SPINACH,JALAPENOS,SARDINES
2138865262239786279,November 11, 2015,Valerie,Denise,18833,Tenth,Spring Field,New Cicily,MEAT,CHEESE,PEPPERONI,SAUSAGE,BACON
2138865262239786279,November 11, 2015,Valerie,Denise,18833,Tenth,Spring Field,New Cicily,Stinky,CHEESE,ONIONS,EXTRA_CHEESE,GREEN_PEPPERS,JALAPENOS,SAUSAGE
2138865262239786280,November 11, 2015,Timothy,Earl,3688,Broadway,Spring Field,New Cicily,Stinky,CHEESE,ONIONS,EXTRA_CHEESE,GREEN_PEPPERS,JALAPENOS,SAUSAGE
2138865262239786280,November 11, 2015,Timothy,Earl,3688,Broadway,Spring Field,New Cicily,MEAT,CHEESE,PEPPERONI,SAUSAGE,BACON
2138865262239786280,November 11, 2015,Timothy,Earl,3688,Broadway,Spring Field,New Cicily,Big Green,ONIONS,BLACK_OLIVES,GREEN_PEPPERS,SPINACH,JALAPENOS,SARDINES
2138865262239786281,November 11, 2015,Maureen,Ricky,16315,Airport,Spring Field,New Cicily,Big Green,ONIONS,BLACK_OLIVES,GREEN_PEPPERS,SPINACH,JALAPENOS,SARDINES
2138865262239786282,November 11, 2015,Ann,Hugh,22156,North,Spring Field,New Cicily,Big Green,ONIONS,BLACK_OLIVES,GREEN_PEPPERS,SPINACH,JALAPENOS,SARDINES
2138865262239786282,November 11, 2015,Ann,Hugh,22156,North,Spring Field,New Cicily,Stinky,CHEESE,ONIONS,EXTRA_CHEESE,GREEN_PEPPERS,JALAPENOS,SAUSAGE
2138865262239786283,November 11, 2015,Vanessa,Bobby,16927,Walnut,Spring Field,New Cicily,Funky Medina,CHEESE,EXTRA_CHEESE,MUSHROOMS,ONIONS,SAUSAGE,BLACK_OLIVES,SARDINES
2138865262239786284,November 11, 2015,Valerie,April,28161,River,Spring Field,New Cicily,Funky Medina,CHEESE,EXTRA_CHEESE,MUSHROOMS,ONIONS,SAUSAGE,BLACK_OLIVES,SARDINES
2138865262239786284,November 11, 2015,Valerie,April,28161,River,Spring Field,New Cicily,MEAT,CHEESE,PEPPERONI,SAUSAGE,BACON
2138865262239786285,November 11, 2015,Valerie,Tom,7686,Hill,Spring Field,New Cicily,Funky Medina,CHEESE,EXTRA_CHEESE,MUSHROOMS,ONIONS,SAUSAGE,BLACK_OLIVES,SARDINES
2138865262239786286,November 11, 2015,Valerie,Daniel,9905,Ridge,Spring Field,New Cicily,Funky Medina,CHEESE,EXTRA_CHEESE,MUSHROOMS,ONIONS,SAUSAGE,BLACK_OLIVES,SARDINES
2138865262239786287,November 11, 2015,Valerie,Victor,18531,Airport,Spring Field,New Cicily,Stinky,CHEESE,ONIONS,EXTRA_CHEESE,GREEN_PEPPERS,JALAPENOS,SAUSAGE
2138865262239786287,November 11, 2015,Valerie,Victor,18531,Airport,Spring Field,New Cicily,Funky Medina,CHEESE,EXTRA_CHEESE,MUSHROOMS,ONIONS,SAUSAGE,BLACK_OLIVES,SARDINES
2138865262239786288,November 11, 2015,Ann,Jack,20067,Broadway,Spring Field,New Cicily,Big Green,ONIONS,BLACK_OLIVES,GREEN_PEPPERS,SPINACH,JALAPENOS,SARDINES
2138865262239786289,November 12, 2015,Brett,Juan,25055,Mountain View,Spring Field,New Cicily,MEAT,CHEESE,PEPPERONI,SAUSAGE,BACON
2138865262239786290,November 12, 2015,Vanessa,Gordon,1015,Spruce,Spring Field,New Cicily,Funky Medina,CHEESE,EXTRA_CHEESE,MUSHROOMS,ONIONS,SAUSAGE,BLACK_OLIVES,SARDINES
2138865262239786290,November 12, 2015,Vanessa,Gordon,1015,Spruce,Spring Field,New Cicily,Spicy MEAT,CHEESE,PEPPERONI,SAUSAGE,BACON,JALAPENOS,JALAPENOS
2138865262239786290,November 12, 2015,Vanessa,Gordon,1015,Spruce,Spring Field,New Cicily,Funky Medina,CHEESE,EXTRA_CHEESE,MUSHROOMS,ONIONS,SAUSAGE,BLACK_OLIVES,SARDINES
2138865262239786290,November 12, 2015,Vanessa,Gordon,1015,Spruce,Spring Field,New Cicily,MEAT,CHEESE,PEPPERONI,SAUSAGE,BACON
2138865262239786291,November 12, 2015,Glenn,Meghan,16096,Holly,Spring Field,New Cicily,Stinky,CHEESE,ONIONS,EXTRA_CHEESE,GREEN_PEPPERS,JALAPENOS,SAUSAGE
2138865262239786291,November 12, 2015,Glenn,Meghan,16096,Holly,Spring Field,New Cicily,Stinky,CHEESE,ONIONS,EXTRA_CHEESE,GREEN_PEPPERS,JALAPENOS,SAUSAGE
2138865262239786291,November 12, 2015,Glenn,Meghan,16096,Holly,Spring Field,New Cicily,MEAT,CHEESE,PEPPERONI,SAUSAGE,BACON
2138865262239786292,November 12, 2015,Timothy,Kirsten,19465,Second,Spring Field,New Cicily,Funky Medina,CHEESE,EXTRA_CHEESE,MUSHROOMS,ONIONS,SAUSAGE,BLACK_OLIVES,SARDINES
2138865262239786292,November 12, 2015,Timothy,Kirsten,19465,Second,Spring Field,New Cicily,MEAT,CHEESE,PEPPERONI,SAUSAGE,BACON
2138865262239786292,November 12, 2015,Timothy,Kirsten,19465,Second,Spring Field,New Cicily,MEAT,CHEESE,PEPPERONI,SAUSAGE,BACON
2138865262239786292,November 12, 2015,Timothy,Kirsten,19465,Second,Spring Field,New Cicily,Funky Medina,CHEESE,EXTRA_CHEESE,MUSHROOMS,ONIONS,SAUSAGE,BLACK_OLIVES,SARDINES
2138865262239786293,November 12, 2015,Ann,Jessica,18430,Pinon,Spring Field,New Cicily,Spicy MEAT,CHEESE,PEPPERONI,SAUSAGE,BACON,JALAPENOS,JALAPENOS
2138865262239786294,November 12, 2015,Vanessa,Audrey,2432,First,Spring Field,New Cicily,Big Green,ONIONS,BLACK_OLIVES,GREEN_PEPPERS,SPINACH,JALAPENOS,SARDINES
2138865262239786294,November 12, 2015,Vanessa,Audrey,2432,First,Spring Field,New Cicily,Big Green,ONIONS,BLACK_OLIVES,GREEN_PEPPERS,SPINACH,JALAPENOS,SARDINES
2138865262239786294,November 12, 2015,Vanessa,Audrey,2432,First,Spring Field,New Cicily,Funky Medina,CHEESE,EXTRA_CHEESE,MUSHROOMS,ONIONS,SAUSAGE,BLACK_OLIVES,SARDINES
2138865262239786294,November 12, 2015,Vanessa,Audrey,2432,First,Spring Field,New Cicily,MEAT,CHEESE,PEPPERONI,SAUSAGE,BACON
2138865262239786295,November 12, 2015,Brett,Erin,13439,Pioneer,Spring Field,New Cicily,Stinky,CHEESE,ONIONS,EXTRA_CHEESE,GREEN_PEPPERS,JALAPENOS,SAUSAGE
2138865262239786295,November 12, 2015,Brett,Erin,13439,Pioneer,Spring Field,New Cicily,Funky Medina,CHEESE,EXTRA_CHEESE,MUSHROOMS,ONIONS,SAUSAGE,BLACK_OLIVES,SARDINES
2138865262239786296,November 12, 2015,Ann,Bethany,18579,Lee,Spring Field,New Cicily,Spicy MEAT,CHEESE,PEPPERONI,SAUSAGE,BACON,JALAPENOS,JALAPENOS
2138865262239786297,November 12, 2015,Vanessa,Grace,18922,Fourth,Spring Field,New Cicily,MEAT,CHEESE,PEPPERONI,SAUSAGE,BACON
2138865262239786297,November 12, 2015,Vanessa,Grace,18922,Fourth,Spring Field,New Cicily,Spicy MEAT,CHEESE,PEPPERONI,SAUSAGE,BACON,JALAPENOS,JALAPENOS
2138865262239786298,November 12, 2015,Ann,Stephanie,13140,Evergreen,Spring Field,New Cicily,Funky Medina,CHEESE,EXTRA_CHEESE,MUSHROOMS,ONIONS,SAUSAGE,BLACK_OLIVES,SARDINES
2138865262239786298,November 12, 2015,Ann,Stephanie,13140,Evergreen,Spring Field,New Cicily,MEAT,CHEESE,PEPPERONI,SAUSAGE,BACON
2138865262239786298,November 12, 2015,Ann,Stephanie,13140,Evergreen,Spring Field,New Cicily,Funky Medina,CHEESE,EXTRA_CHEESE,MUSHROOMS,ONIONS,SAUSAGE,BLACK_OLIVES,SARDINES
2138865262239786299,November 12, 2015,Timothy,Lauren,27748,Highland,Spring Field,New Cicily,Stinky,CHEESE,ONIONS,EXTRA_CHEESE,GREEN_PEPPERS,JALAPENOS,SAUSAGE
2138865262239786299,November 12, 2015,Timothy,Lauren,27748,Highland,Spring Field,New Cicily,Spicy MEAT,CHEESE,PEPPERONI,SAUSAGE,BACON,JALAPENOS,JALAPENOS
2138865262239786299,November 12, 2015,Timothy,Lauren,27748,Highland,Spring Field,New Cicily,Spicy MEAT,CHEESE,PEPPERONI,SAUSAGE,BACON,JALAPENOS,JALAPENOS
2138865262239786299,November 12, 2015,Timothy,Lauren,27748,Highland,Spring Field,New Cicily,Spicy MEAT,CHEESE,PEPPERONI,SAUSAGE,BACON,JALAPENOS,JALAPENOS
2138865262239786300,November 12, 2015,Megan,Lindsay,16744,Church,Spring Field,New Cicily,Funky Medina,CHEESE,EXTRA_CHEESE,MUSHROOMS,ONIONS,SAUSAGE,BLACK_OLIVES,SARDINES
2138865262239786301,November 12, 2015,Vanessa,Sergio,18326,Orchard,Spring Field,New Cicily,Funky Medina,CHEESE,EXTRA_CHEESE,MUSHROOMS,ONIONS,SAUSAGE,BLACK_OLIVES,SARDINES
2138865262239786301,November 12, 2015,Vanessa,Sergio,18326,Orchard,Spring Field,New Cicily,Big Green,ONIONS,BLACK_OLIVES,GREEN_PEPPERS,SPINACH,JALAPENOS,SARDINES
2138865262239786301,November 12, 2015,Vanessa,Sergio,18326,Orchard,Spring Field,New Cicily,Big Green,ONIONS,BLACK_OLIVES,GREEN_PEPPERS,SPINACH,JALAPENOS,SARDINES
2138865262239786302,November 12, 2015,Maureen,Levi,22282,Williams,Spring Field,New Cicily,MEAT,CHEESE,PEPPERONI,SAUSAGE,BACON
2138865262239786302,November 12, 2015,Maureen,Levi,22282,Williams,Spring Field,New Cicily,Big Green,ONIONS,BLACK_OLIVES,GREEN_PEPPERS,SPINACH,JALAPENOS,SARDINES
2138865262239786303,November 12, 2015,Glenn,Kendra,13505,Juniper,Spring Field,New Cicily,MEAT,CHEESE,PEPPERONI,SAUSAGE,BACON
2138865262239786303,November 12, 2015,Glenn,Kendra,13505,Juniper,Spring Field,New Cicily,Big Green,ONIONS,BLACK_OLIVES,GREEN_PEPPERS,SPINACH,JALAPENOS,SARDINES
2138865262239786303,November 12, 2015,Glenn,Kendra,13505,Juniper,Spring Field,New Cicily,Funky Medina,CHEESE,EXTRA_CHEESE,MUSHROOMS,ONIONS,SAUSAGE,BLACK_OLIVES,SARDINES
2138865262239786304,November 12, 2015,Brett,George,12191,North,Spring Field,New Cicily,Big Green,ONIONS,BLACK_OLIVES,GREEN_PEPPERS,SPINACH,JALAPENOS,SARDINES
2138865262239786304,November 12, 2015,Brett,George,12191,North,Spring Field,New Cicily,Funky Medina,CHEESE,EXTRA_CHEESE,MUSHROOMS,ONIONS,SAUSAGE,BLACK_OLIVES,SARDINES
2138865262239786305,November 12, 2015,Glenn,Anthony,11449,Evergreen,Spring Field,New Cicily,Funky Medina,CHEESE,EXTRA_CHEESE,MUSHROOMS,ONIONS,SAUSAGE,BLACK_OLIVES,SARDINES
2138865262239786306,November 12, 2015,Ann,Joyce,5058,Evergreen,Spring Field,New Cicily,Funky Medina,CHEESE,EXTRA_CHEESE,MUSHROOMS,ONIONS,SAUSAGE,BLACK_OLIVES,SARDINES
2138865262239786307,November 12, 2015,Brett,Angie,6032,Center,Spring Field,New Cicily,Spicy MEAT,CHEESE,PEPPERONI,SAUSAGE,BACON,JALAPENOS,JALAPENOS
2138865262239786307,November 12, 2015,Brett,Angie,6032,Center,Spring Field,New Cicily,Big Green,ONIONS,BLACK_OLIVES,GREEN_PEPPERS,SPINACH,JALAPENOS,SARDINES
2138865262239786307,November 12, 2015,Brett,Angie,6032,Center,Spring Field,New Cicily,MEAT,CHEESE,PEPPERONI,SAUSAGE,BACON
2138865262239786308,November 12, 2015,Maureen,Angie,20436,Columbine,Spring Field,New Cicily,Stinky,CHEESE,ONIONS,EXTRA_CHEESE,GREEN_PEPPERS,JALAPENOS,SAUSAGE
2138865262239786308,November 12, 2015,Maureen,Angie,20436,Columbine,Spring Field,New Cicily,Spicy MEAT,CHEESE,PEPPERONI,SAUSAGE,BACON,JALAPENOS,JALAPENOS
2138865262239786309,November 12, 2015,Maureen,Monica,28545,Lincoln,Spring Field,New Cicily,Big Green,ONIONS,BLACK_OLIVES,GREEN_PEPPERS,SPINACH,JALAPENOS,SARDINES
2138865262239786309,November 12, 2015,Maureen,Monica,28545,Lincoln,Spring Field,New Cicily,Funky Medina,CHEESE,EXTRA_CHEESE,MUSHROOMS,ONIONS,SAUSAGE,BLACK_OLIVES,SARDINES
2138865262239786310,November 12, 2015,Tommy,Cynthia,1231,Main,Spring Field,New Cicily,MEAT,CHEESE,PEPPERONI,SAUSAGE,BACON
2138865262239786310,November 12, 2015,Tommy,Cynthia,1231,Main,Spring Field,New Cicily,Funky Medina,CHEESE,EXTRA_CHEESE,MUSHROOMS,ONIONS,SAUSAGE,BLACK_OLIVES,SARDINES
2138865262239786310,November 12, 2015,Tommy,Cynthia,1231,Main,Spring Field,New Cicily,Spicy MEAT,CHEESE,PEPPERONI,SAUSAGE,BACON,JALAPENOS,JALAPENOS
2138865262239786311,November 12, 2015,Vanessa,Jeff,18804,Cherry,Spring Field,New Cicily,Big Green,ONIONS,BLACK_OLIVES,GREEN_PEPPERS,SPINACH,JALAPENOS,SARDINES
2138865262239786311,November 12, 2015,Vanessa,Jeff,18804,Cherry,Spring Field,New Cicily,Big Green,ONIONS,BLACK_OLIVES,GREEN_PEPPERS,SPINACH,JALAPENOS,SARDINES
2138865262239786311,November 12, 2015,Vanessa,Jeff,18804,Cherry,Spring Field,New Cicily,MEAT,CHEESE,PEPPERONI,SAUSAGE,BACON
2138865262239786312,November 12, 2015,Glenn,Charles,23585,Fifth,Spring Field,New Cicily,MEAT,CHEESE,PEPPERONI,SAUSAGE,BACON
2138865262239786312,November 12, 2015,Glenn,Charles,23585,Fifth,Spring Field,New Cicily,Big Green,ONIONS,BLACK_OLIVES,GREEN_PEPPERS,SPINACH,JALAPENOS,SARDINES
2138865262239786312,November 12, 2015,Glenn,Charles,23585,Fifth,Spring Field,New Cicily,MEAT,CHEESE,PEPPERONI,SAUSAGE,BACON
2138865262239786313,November 12, 2015,Maureen,Peter,7786,Thirteenth,Spring Field,New Cicily,MEAT,CHEESE,PEPPERONI,SAUSAGE,BACON
2138865262239786314,November 12, 2015,Tommy,Katherine,23423,First,Spring Field,New Cicily,MEAT,CHEESE,PEPPERONI,SAUSAGE,BACON
2138865262239786314,November 12, 2015,Tommy,Katherine,23423,First,Spring Field,New Cicily,Funky Medina,CHEESE,EXTRA_CHEESE,MUSHROOMS,ONIONS,SAUSAGE,BLACK_OLIVES,SARDINES
2138865262239786314,November 12, 2015,Tommy,Katherine,23423,First,Spring Field,New Cicily,Funky Medina,CHEESE,EXTRA_CHEESE,MUSHROOMS,ONIONS,SAUSAGE,BLACK_OLIVES,SARDINES
2138865262239786314,November 12, 2015,Tommy,Katherine,23423,First,Spring Field,New Cicily,Spicy MEAT,CHEESE,PEPPERONI,SAUSAGE,BACON,JALAPENOS,JALAPENOS
2138865262239786315,November 12, 2015,Maureen,William,3513,Cherry,Spring Field,New Cicily,Funky Medina,CHEESE,EXTRA_CHEESE,MUSHROOMS,ONIONS,SAUSAGE,BLACK_OLIVES,SARDINES
2138865262239786316,November 12, 2015,Megan,Penny,10671,Canyon,Spring Field,New Cicily,Big Green,ONIONS,BLACK_OLIVES,GREEN_PEPPERS,SPINACH,JALAPENOS,SARDINES
2138865262239786316,November 12, 2015,Megan,Penny,10671,Canyon,Spring Field,New Cicily,Stinky,CHEESE,ONIONS,EXTRA_CHEESE,GREEN_PEPPERS,JALAPENOS,SAUSAGE
2138865262239786316,November 12, 2015,Megan,Penny,10671,Canyon,Spring Field,New Cicily,Stinky,CHEESE,ONIONS,EXTRA_CHEESE,GREEN_PEPPERS,JALAPENOS,SAUSAGE
2138865262239786316,November 12, 2015,Megan,Penny,10671,Canyon,Spring Field,New Cicily,Funky Medina,CHEESE,EXTRA_CHEESE,MUSHROOMS,ONIONS,SAUSAGE,BLACK_OLIVES,SARDINES
2138865262239786317,November 12, 2015,Vanessa,Bradley,7035,Broadway,Spring Field,New Cicily,Funky Medina,CHEESE,EXTRA_CHEESE,MUSHROOMS,ONIONS,SAUSAGE,BLACK_OLIVES,SARDINES
2138865262239786317,November 12, 2015,Vanessa,Bradley,7035,Broadway,Spring Field,New Cicily,Stinky,CHEESE,ONIONS,EXTRA_CHEESE,GREEN_PEPPERS,JALAPENOS,SAUSAGE
2138865262239786318,November 12, 2015,Glenn,Lee,5644,Columbine,Spring Field,New Cicily,Big Green,ONIONS,BLACK_OLIVES,GREEN_PEPPERS,SPINACH,JALAPENOS,SARDINES
2138865262239786318,November 12, 2015,Glenn,Lee,5644,Columbine,Spring Field,New Cicily,Spicy MEAT,CHEESE,PEPPERONI,SAUSAGE,BACON,JALAPENOS,JALAPENOS
2138865262239786319,November 12, 2015,Maureen,Maria,18160,Lee,Spring Field,New Cicily,MEAT,CHEESE,PEPPERONI,SAUSAGE,BACON
2138865262239786320,November 12, 2015,Maureen,Stephanie,28135,Canyon,Spring Field,New Cicily,Spicy MEAT,CHEESE,PEPPERONI,SAUSAGE,BACON,JALAPENOS,JALAPENOS
2138865262239786320,November 12, 2015,Maureen,Stephanie,28135,Canyon,Spring Field,New Cicily,Funky Medina,CHEESE,EXTRA_CHEESE,MUSHROOMS,ONIONS,SAUSAGE,BLACK_OLIVES,SARDINES
2138865262239786321,November 12, 2015,Maureen,Bradley,9967,Mesquite,Spring Field,New Cicily,Stinky,CHEESE,ONIONS,EXTRA_CHEESE,GREEN_PEPPERS,JALAPENOS,SAUSAGE
2138865262239786321,November 12, 2015,Maureen,Bradley,9967,Mesquite,Spring Field,New Cicily,Stinky,CHEESE,ONIONS,EXTRA_CHEESE,GREEN_PEPPERS,JALAPENOS,SAUSAGE
2138865262239786322,November 12, 2015,Ann,George,22458,Narragansett,Spring Field,New Cicily,Stinky,CHEESE,ONIONS,EXTRA_CHEESE,GREEN_PEPPERS,JALAPENOS,SAUSAGE
2138865262239786322,November 12, 2015,Ann,George,22458,Narragansett,Spring Field,New Cicily,Big Green,ONIONS,BLACK_OLIVES,GREEN_PEPPERS,SPINACH,JALAPENOS,SARDINES
2138865262239786322,November 12, 2015,Ann,George,22458,Narragansett,Spring Field,New Cicily,Stinky,CHEESE,ONIONS,EXTRA_CHEESE,GREEN_PEPPERS,JALAPENOS,SAUSAGE
2138865262239786323,November 12, 2015,Timothy,Jessie,22406,Church,Spring Field,New Cicily,Stinky,CHEESE,ONIONS,EXTRA_CHEESE,GREEN_PEPPERS,JALAPENOS,SAUSAGE
2138865262239786324,November 12, 2015,Megan,Brooke,28410,Mesquite,Spring Field,New Cicily,MEAT,CHEESE,PEPPERONI,SAUSAGE,BACON
2138865262239786324,November 12, 2015,Megan,Brooke,28410,Mesquite,Spring Field,New Cicily,Stinky,CHEESE,ONIONS,EXTRA_CHEESE,GREEN_PEPPERS,JALAPENOS,SAUSAGE
2138865262239786324,November 12, 2015,Megan,Brooke,28410,Mesquite,Spring Field,New Cicily,Spicy MEAT,CHEESE,PEPPERONI,SAUSAGE,BACON,JALAPENOS,JALAPENOS
2138865262239786325,November 12, 2015,Glenn,Harold,20269,Hickory,Spring Field,New Cicily,MEAT,CHEESE,PEPPERONI,SAUSAGE,BACON
2138865262239786326,November 12, 2015,Brett,Sergio,14836,Oak,Spring Field,New Cicily,Big Green,ONIONS,BLACK_OLIVES,GREEN_PEPPERS,SPINACH,JALAPENOS,SARDINES
2138865262239786326,November 12, 2015,Brett,Sergio,14836,Oak,Spring Field,New Cicily,MEAT,CHEESE,PEPPERONI,SAUSAGE,BACON
2138865262239786326,November 12, 2015,Brett,Sergio,14836,Oak,Spring Field,New Cicily,MEAT,CHEESE,PEPPERONI,SAUSAGE,BACON
2138865262239786326,November 12, 2015,Brett,Sergio,14836,Oak,Spring Field,New Cicily,Big Green,ONIONS,BLACK_OLIVES,GREEN_PEPPERS,SPINACH,JALAPENOS,SARDINES
2138865262239786327,November 12, 2015,Ann,Peter,9334,Mountain View,Spring Field,New Cicily,Funky Medina,CHEESE,EXTRA_CHEESE,MUSHROOMS,ONIONS,SAUSAGE,BLACK_OLIVES,SARDINES
2138865262239786327,November 12, 2015,Ann,Peter,9334,Mountain View,Spring Field,New Cicily,Funky Medina,CHEESE,EXTRA_CHEESE,MUSHROOMS,ONIONS,SAUSAGE,BLACK_OLIVES,SARDINES
2138865262239786327,November 12, 2015,Ann,Peter,9334,Mountain View,Spring Field,New Cicily,Big Green,ONIONS,BLACK_OLIVES,GREEN_PEPPERS,SPINACH,JALAPENOS,SARDINES
2138865262239786328,November 12, 2015,Maureen,George,28246,Sunset,Spring Field,New Cicily,Funky Medina,CHEESE,EXTRA_CHEESE,MUSHROOMS,ONIONS,SAUSAGE,BLACK_OLIVES,SARDINES
2138865262239786328,November 12, 2015,Maureen,George,28246,Sunset,Spring Field,New Cicily,Big Green,ONIONS,BLACK_OLIVES,GREEN_PEPPERS,SPINACH,JALAPENOS,SARDINES
2138865262239786328,November 12, 2015,Maureen,George,28246,Sunset,Spring Field,New Cicily,Big Green,ONIONS,BLACK_OLIVES,GREEN_PEPPERS,SPINACH,JALAPENOS,SARDINES
2138865262239786328,November 12, 2015,Maureen,George,28246,Sunset,Spring Field,New Cicily,Spicy MEAT,CHEESE,PEPPERONI,SAUSAGE,BACON,JALAPENOS,JALAPENOS
2138865262239786329,November 12, 2015,Tommy,Jasmine,1037,Cherry,Spring Field,New Cicily,Funky Medina,CHEESE,EXTRA_CHEESE,MUSHROOMS,ONIONS,SAUSAGE,BLACK_OLIVES,SARDINES
2138865262239786329,November 12, 2015,Tommy,Jasmine,1037,Cherry,Spring Field,New Cicily,Big Green,ONIONS,BLACK_OLIVES,GREEN_PEPPERS,SPINACH,JALAPENOS,SARDINES
2138865262239786330,November 13, 2015,Timothy,Randall,3818,Pioneer,Spring Field,New Cicily,Big Green,ONIONS,BLACK_OLIVES,GREEN_PEPPERS,SPINACH,JALAPENOS,SARDINES
2138865262239786330,November 13, 2015,Timothy,Randall,3818,Pioneer,Spring Field,New Cicily,Stinky,CHEESE,ONIONS,EXTRA_CHEESE,GREEN_PEPPERS,JALAPENOS,SAUSAGE
2138865262239786330,November 13, 2015,Timothy,Randall,3818,Pioneer,Spring Field,New Cicily,Stinky,CHEESE,ONIONS,EXTRA_CHEESE,GREEN_PEPPERS,JALAPENOS,SAUSAGE
2138865262239786330,November 13, 2015,Timothy,Randall,3818,Pioneer,Spring Field,New Cicily,Stinky,CHEESE,ONIONS,EXTRA_CHEESE,GREEN_PEPPERS,JALAPENOS,SAUSAGE
2138865262239786331,November 13, 2015,Tommy,Martha,19772,Elm,Spring Field,New Cicily,MEAT,CHEESE,PEPPERONI,SAUSAGE,BACON
2138865262239786332,November 13, 2015,Timothy,Katherine,10658,Second,Spring Field,New Cicily,Big Green,ONIONS,BLACK_OLIVES,GREEN_PEPPERS,SPINACH,JALAPENOS,SARDINES
2138865262239786333,November 13, 2015,Glenn,Philip,29554,Pecan,Spring Field,New Cicily,Funky Medina,CHEESE,EXTRA_CHEESE,MUSHROOMS,ONIONS,SAUSAGE,BLACK_OLIVES,SARDINES
2138865262239786333,November 13, 2015,Glenn,Philip,29554,Pecan,Spring Field,New Cicily,Stinky,CHEESE,ONIONS,EXTRA_CHEESE,GREEN_PEPPERS,JALAPENOS,SAUSAGE
2138865262239786333,November 13, 2015,Glenn,Philip,29554,Pecan,Spring Field,New Cicily,Funky Medina,CHEESE,EXTRA_CHEESE,MUSHROOMS,ONIONS,SAUSAGE,BLACK_OLIVES,SARDINES
2138865262239786334,November 13, 2015,Vanessa,Drew,2854,Lee,Spring Field,New Cicily,Stinky,CHEESE,ONIONS,EXTRA_CHEESE,GREEN_PEPPERS,JALAPENOS,SAUSAGE
2138865262239786334,November 13, 2015,Vanessa,Drew,2854,Lee,Spring Field,New Cicily,Big Green,ONIONS,BLACK_OLIVES,GREEN_PEPPERS,SPINACH,JALAPENOS,SARDINES
2138865262239786334,November 13, 2015,Vanessa,Drew,2854,Lee,Spring Field,New Cicily,Stinky,CHEESE,ONIONS,EXTRA_CHEESE,GREEN_PEPPERS,JALAPENOS,SAUSAGE
2138865262239786335,November 13, 2015,Megan,Savannah,273,Willow,Spring Field,New Cicily,Funky Medina,CHEESE,EXTRA_CHEESE,MUSHROOMS,ONIONS,SAUSAGE,BLACK_OLIVES,SARDINES
2138865262239786335,November 13, 2015,Megan,Savannah,273,Willow,Spring Field,New Cicily,MEAT,CHEESE,PEPPERONI,SAUSAGE,BACON
2138865262239786336,November 13, 2015,Brett,Donna,15382,Quail,Spring Field,New Cicily,Stinky,CHEESE,ONIONS,EXTRA_CHEESE,GREEN_PEPPERS,JALAPENOS,SAUSAGE
2138865262239786336,November 13, 2015,Brett,Donna,15382,Quail,Spring Field,New Cicily,MEAT,CHEESE,PEPPERONI,SAUSAGE,BACON
2138865262239786337,November 13, 2015,Brett,Edward,15275,Shore,Spring Field,New Cicily,MEAT,CHEESE,PEPPERONI,SAUSAGE,BACON
2138865262239786337,November 13, 2015,Brett,Edward,15275,Shore,Spring Field,New Cicily,Stinky,CHEESE,ONIONS,EXTRA_CHEESE,GREEN_PEPPERS,JALAPENOS,SAUSAGE
2138865262239786337,November 13, 2015,Brett,Edward,15275,Shore,Spring Field,New Cicily,MEAT,CHEESE,PEPPERONI,SAUSAGE,BACON
2138865262239786338,November 13, 2015,Timothy,Jeffrey,23145,Pleasant,Spring Field,New Cicily,Funky Medina,CHEESE,EXTRA_CHEESE,MUSHROOMS,ONIONS,SAUSAGE,BLACK_OLIVES,SARDINES
2138865262239786338,November 13, 2015,Timothy,Jeffrey,23145,Pleasant,Spring Field,New Cicily,Spicy MEAT,CHEESE,PEPPERONI,SAUSAGE,BACON,JALAPENOS,JALAPENOS
2138865262239786338,November 13, 2015,Timothy,Jeffrey,23145,Pleasant,Spring Field,New Cicily,Funky Medina,CHEESE,EXTRA_CHEESE,MUSHROOMS,ONIONS,SAUSAGE,BLACK_OLIVES,SARDINES
2138865262239786338,November 13, 2015,Timothy,Jeffrey,23145,Pleasant,Spring Field,New Cicily,Big Green,ONIONS,BLACK_OLIVES,GREEN_PEPPERS,SPINACH,JALAPENOS,SARDINES
2138865262239786339,November 13, 2015,Vanessa,Ronald,10985,Fifth,Spring Field,New Cicily,Spicy MEAT,CHEESE,PEPPERONI,SAUSAGE,BACON,JALAPENOS,JALAPENOS
2138865262239786339,November 13, 2015,Vanessa,Ronald,10985,Fifth,Spring Field,New Cicily,Spicy MEAT,CHEESE,PEPPERONI,SAUSAGE,BACON,JALAPENOS,JALAPENOS
2138865262239786339,November 13, 2015,Vanessa,Ronald,10985,Fifth,Spring Field,New Cicily,Stinky,CHEESE,ONIONS,EXTRA_CHEESE,GREEN_PEPPERS,JALAPENOS,SAUSAGE
2138865262239786340,November 13, 2015,Tommy,Bernard,3689,Pine,Spring Field,New Cicily,MEAT,CHEESE,PEPPERONI,SAUSAGE,BACON
2138865262239786340,November 13, 2015,Tommy,Bernard,3689,Pine,Spring Field,New Cicily,Big Green,ONIONS,BLACK_OLIVES,GREEN_PEPPERS,SPINACH,JALAPENOS,SARDINES
2138865262239786341,November 13, 2015,Vanessa,Roger,25534,Bay,Spring Field,New Cicily,Stinky,CHEESE,ONIONS,EXTRA_CHEESE,GREEN_PEPPERS,JALAPENOS,SAUSAGE
2138865262239786341,November 13, 2015,Vanessa,Roger,25534,Bay,Spring Field,New Cicily,Funky Medina,CHEESE,EXTRA_CHEESE,MUSHROOMS,ONIONS,SAUSAGE,BLACK_OLIVES,SARDINES
2138865262239786341,November 13, 2015,Vanessa,Roger,25534,Bay,Spring Field,New Cicily,MEAT,CHEESE,PEPPERONI,SAUSAGE,BACON
2138865262239786342,November 13, 2015,Ann,Leon,1577,A,Spring Field,New Cicily,Spicy MEAT,CHEESE,PEPPERONI,SAUSAGE,BACON,JALAPENOS,JALAPENOS
2138865262239786342,November 13, 2015,Ann,Leon,1577,A,Spring Field,New Cicily,Funky Medina,CHEESE,EXTRA_CHEESE,MUSHROOMS,ONIONS,SAUSAGE,BLACK_OLIVES,SARDINES
2138865262239786343,November 13, 2015,Glenn,Tracy,27819,Williams,Spring Field,New Cicily,Stinky,CHEESE,ONIONS,EXTRA_CHEESE,GREEN_PEPPERS,JALAPENOS,SAUSAGE
2138865262239786344,November 13, 2015,Brett,Sierra,1914,Cypress,Spring Field,New Cicily,Funky Medina,CHEESE,EXTRA_CHEESE,MUSHROOMS,ONIONS,SAUSAGE,BLACK_OLIVES,SARDINES
2138865262239786344,November 13, 2015,Brett,Sierra,1914,Cypress,Spring Field,New Cicily,Funky Medina,CHEESE,EXTRA_CHEESE,MUSHROOMS,ONIONS,SAUSAGE,BLACK_OLIVES,SARDINES
2138865262239786344,November 13, 2015,Brett,Sierra,1914,Cypress,Spring Field,New Cicily,MEAT,CHEESE,PEPPERONI,SAUSAGE,BACON
2138865262239786345,November 13, 2015,Timothy,Lisa,6597,Broadway,Spring Field,New Cicily,Spicy MEAT,CHEESE,PEPPERONI,SAUSAGE,BACON,JALAPENOS,JALAPENOS
2138865262239786345,November 13, 2015,Timothy,Lisa,6597,Broadway,Spring Field,New Cicily,Funky Medina,CHEESE,EXTRA_CHEESE,MUSHROOMS,ONIONS,SAUSAGE,BLACK_OLIVES,SARDINES
2138865262239786345,November 13, 2015,Timothy,Lisa,6597,Broadway,Spring Field,New Cicily,Stinky,CHEESE,ONIONS,EXTRA_CHEESE,GREEN_PEPPERS,JALAPENOS,SAUSAGE
2138865262239786346,November 13, 2015,Maureen,Ebony,18526,Juniper,Spring Field,New Cicily,MEAT,CHEESE,PEPPERONI,SAUSAGE,BACON
2138865262239786347,November 13, 2015,Maureen,Ricky,20175,Tenth,Spring Field,New Cicily,MEAT,CHEESE,PEPPERONI,SAUSAGE,BACON
2138865262239786348,November 13, 2015,Vanessa,Kelly,9637,Spruce,Spring Field,New Cicily,Funky Medina,CHEESE,EXTRA_CHEESE,MUSHROOMS,ONIONS,SAUSAGE,BLACK_OLIVES,SARDINES
2138865262239786348,November 13, 2015,Vanessa,Kelly,9637,Spruce,Spring Field,New Cicily,Spicy MEAT,CHEESE,PEPPERONI,SAUSAGE,BACON,JALAPENOS,JALAPENOS
2138865262239786348,November 13, 2015,Vanessa,Kelly,9637,Spruce,Spring Field,New Cicily,Big Green,ONIONS,BLACK_OLIVES,GREEN_PEPPERS,SPINACH,JALAPENOS,SARDINES
2138865262239786348,November 13, 2015,Vanessa,Kelly,9637,Spruce,Spring Field,New Cicily,Funky Medina,CHEESE,EXTRA_CHEESE,MUSHROOMS,ONIONS,SAUSAGE,BLACK_OLIVES,SARDINES
2138865262239786349,November 13, 2015,Glenn,Natalie,27261,Sycamore,Spring Field,New Cicily,Spicy MEAT,CHEESE,PEPPERONI,SAUSAGE,BACON,JALAPENOS,JALAPENOS
2138865262239786349,November 13, 2015,Glenn,Natalie,27261,Sycamore,Spring Field,New Cicily,Spicy MEAT,CHEESE,PEPPERONI,SAUSAGE,BACON,JALAPENOS,JALAPENOS
2138865262239786350,November 13, 2015,Megan,Jose,23238,Magnolia,Spring Field,New Cicily,Spicy MEAT,CHEESE,PEPPERONI,SAUSAGE,BACON,JALAPENOS,JALAPENOS
2138865262239786350,November 13, 2015,Megan,Jose,23238,Magnolia,Spring Field,New Cicily,Spicy MEAT,CHEESE,PEPPERONI,SAUSAGE,BACON,JALAPENOS,JALAPENOS
2138865262239786351,November 13, 2015,Vanessa,Aidan,4929,Washington,Spring Field,New Cicily,MEAT,CHEESE,PEPPERONI,SAUSAGE,BACON
2138865262239786352,November 13, 2015,Ann,Stanley,9157,Broadway,Spring Field,New Cicily,Spicy MEAT,CHEESE,PEPPERONI,SAUSAGE,BACON,JALAPENOS,JALAPENOS
2138865262239786352,November 13, 2015,Ann,Stanley,9157,Broadway,Spring Field,New Cicily,Spicy MEAT,CHEESE,PEPPERONI,SAUSAGE,BACON,JALAPENOS,JALAPENOS
2138865262239786353,November 13, 2015,Vanessa,Phillip,430,Lakeview,Spring Field,New Cicily,Spicy MEAT,CHEESE,PEPPERONI,SAUSAGE,BACON,JALAPENOS,JALAPENOS
2138865262239786353,November 13, 2015,Vanessa,Phillip,430,Lakeview,Spring Field,New Cicily,Big Green,ONIONS,BLACK_OLIVES,GREEN_PEPPERS,SPINACH,JALAPENOS,SARDINES
2138865262239786353,November 13, 2015,Vanessa,Phillip,430,Lakeview,Spring Field,New Cicily,MEAT,CHEESE,PEPPERONI,SAUSAGE,BACON
2138865262239786354,November 13, 2015,Maureen,Valerie,16195,County Line,Spring Field,New Cicily,Spicy MEAT,CHEESE,PEPPERONI,SAUSAGE,BACON,JALAPENOS,JALAPENOS
2138865262239786354,November 13, 2015,Maureen,Valerie,16195,County Line,Spring Field,New Cicily,MEAT,CHEESE,PEPPERONI,SAUSAGE,BACON
2138865262239786354,November 13, 2015,Maureen,Valerie,16195,County Line,Spring Field,New Cicily,MEAT,CHEESE,PEPPERONI,SAUSAGE,BACON
2138865262239786355,November 13, 2015,Glenn,Nathaniel,28486,Wilson,Spring Field,New Cicily,Spicy MEAT,CHEESE,PEPPERONI,SAUSAGE,BACON,JALAPENOS,JALAPENOS
2138865262239786355,November 13, 2015,Glenn,Nathaniel,28486,Wilson,Spring Field,New Cicily,Funky Medina,CHEESE,EXTRA_CHEESE,MUSHROOMS,ONIONS,SAUSAGE,BLACK_OLIVES,SARDINES
2138865262239786355,November 13, 2015,Glenn,Nathaniel,28486,Wilson,Spring Field,New Cicily,Stinky,CHEESE,ONIONS,EXTRA_CHEESE,GREEN_PEPPERS,JALAPENOS,SAUSAGE
2138865262239786355,November 13, 2015,Glenn,Nathaniel,28486,Wilson,Spring Field,New Cicily,Big Green,ONIONS,BLACK_OLIVES,GREEN_PEPPERS,SPINACH,JALAPENOS,SARDINES
2138865262239786356,November 13, 2015,Ann,Tom,6805,Third,Spring Field,New Cicily,Big Green,ONIONS,BLACK_OLIVES,GREEN_PEPPERS,SPINACH,JALAPENOS,SARDINES
2138865262239786356,November 13, 2015,Ann,Tom,6805,Third,Spring Field,New Cicily,Spicy MEAT,CHEESE,PEPPERONI,SAUSAGE,BACON,JALAPENOS,JALAPENOS
2138865262239786357,November 13, 2015,Ann,April,566,Hemlock,Spring Field,New Cicily,MEAT,CHEESE,PEPPERONI,SAUSAGE,BACON
2138865262239786358,November 13, 2015,Tommy,Ruben,3144,Hemlock,Spring Field,New Cicily,Big Green,ONIONS,BLACK_OLIVES,GREEN_PEPPERS,SPINACH,JALAPENOS,SARDINES
2138865262239786358,November 13, 2015,Tommy,Ruben,3144,Hemlock,Spring Field,New Cicily,Spicy MEAT,CHEESE,PEPPERONI,SAUSAGE,BACON,JALAPENOS,JALAPENOS
2138865262239786359,November 13, 2015,Tommy,Nicolas,6776,Sycamore,Spring Field,New Cicily,Big Green,ONIONS,BLACK_OLIVES,GREEN_PEPPERS,SPINACH,JALAPENOS,SARDINES
2138865262239786360,November 13, 2015,Maureen,Bill,21083,Sunset,Spring Field,New Cicily,Big Green,ONIONS,BLACK_OLIVES,GREEN_PEPPERS,SPINACH,JALAPENOS,SARDINES
2138865262239786360,November 13, 2015,Maureen,Bill,21083,Sunset,Spring Field,New Cicily,Funky Medina,CHEESE,EXTRA_CHEESE,MUSHROOMS,ONIONS,SAUSAGE,BLACK_OLIVES,SARDINES
2138865262239786361,November 13, 2015,Maureen,Alexandra,5525,Cottonwood,Spring Field,New Cicily,Funky Medina,CHEESE,EXTRA_CHEESE,MUSHROOMS,ONIONS,SAUSAGE,BLACK_OLIVES,SARDINES
2138865262239786361,November 13, 2015,Maureen,Alexandra,5525,Cottonwood,Spring Field,New Cicily,Stinky,CHEESE,ONIONS,EXTRA_CHEESE,GREEN_PEPPERS,JALAPENOS,SAUSAGE
2138865262239786361,November 13, 2015,Maureen,Alexandra,5525,Cottonwood,Spring Field,New Cicily,MEAT,CHEESE,PEPPERONI,SAUSAGE,BACON
2138865262239786362,November 13, 2015,Tommy,Kathryn,25629,Kukui,Spring Field,New Cicily,Stinky,CHEESE,ONIONS,EXTRA_CHEESE,GREEN_PEPPERS,JALAPENOS,SAUSAGE
2138865262239786363,November 13, 2015,Ann,Allen,10713,Airport,Spring Field,New Cicily,Big Green,ONIONS,BLACK_OLIVES,GREEN_PEPPERS,SPINACH,JALAPENOS,SARDINES
2138865262239786364,November 13, 2015,Brett,Sidney,21395,Apache,Spring Field,New Cicily,MEAT,CHEESE,PEPPERONI,SAUSAGE,BACON
2138865262239786365,November 13, 2015,Tommy,Vanessa,5499,S 400,Spring Field,New Cicily,MEAT,CHEESE,PEPPERONI,SAUSAGE,BACON
2138865262239786365,November 13, 2015,Tommy,Vanessa,5499,S 400,Spring Field,New Cicily,Spicy MEAT,CHEESE,PEPPERONI,SAUSAGE,BACON,JALAPENOS,JALAPENOS
2138865262239786365,November 13, 2015,Tommy,Vanessa,5499,S 400,Spring Field,New Cicily,Funky Medina,CHEESE,EXTRA_CHEESE,MUSHROOMS,ONIONS,SAUSAGE,BLACK_OLIVES,SARDINES
2138865262239786365,November 13, 2015,Tommy,Vanessa,5499,S 400,Spring Field,New Cicily,Stinky,CHEESE,ONIONS,EXTRA_CHEESE,GREEN_PEPPERS,JALAPENOS,SAUSAGE
2138865262239786366,November 13, 2015,Timothy,Leslie,18192,Palo Verde,Spring Field,New Cicily,Stinky,CHEESE,ONIONS,EXTRA_CHEESE,GREEN_PEPPERS,JALAPENOS,SAUSAGE
2138865262239786366,November 13, 2015,Timothy,Leslie,18192,Palo Verde,Spring Field,New Cicily,Stinky,CHEESE,ONIONS,EXTRA_CHEESE,GREEN_PEPPERS,JALAPENOS,SAUSAGE
2138865262239786366,November 13, 2015,Timothy,Leslie,18192,Palo Verde,Spring Field,New Cicily,Spicy MEAT,CHEESE,PEPPERONI,SAUSAGE,BACON,JALAPENOS,JALAPENOS
2138865262239786367,November 13, 2015,Ann,Zoe,2093,Fourth,Spring Field,New Cicily,Stinky,CHEESE,ONIONS,EXTRA_CHEESE,GREEN_PEPPERS,JALAPENOS,SAUSAGE
2138865262239786367,November 13, 2015,Ann,Zoe,2093,Fourth,Spring Field,New Cicily,Funky Medina,CHEESE,EXTRA_CHEESE,MUSHROOMS,ONIONS,SAUSAGE,BLACK_OLIVES,SARDINES
2138865262239786368,November 13, 2015,Glenn,Jacob,21333,Mesquite,Spring Field,New Cicily,Spicy MEAT,CHEESE,PEPPERONI,SAUSAGE,BACON,JALAPENOS,JALAPENOS
2138865262239786368,November 13, 2015,Glenn,Jacob,21333,Mesquite,Spring Field,New Cicily,Stinky,CHEESE,ONIONS,EXTRA_CHEESE,GREEN_PEPPERS,JALAPENOS,SAUSAGE
2138865262239786368,November 13, 2015,Glenn,Jacob,21333,Mesquite,Spring Field,New Cicily,Big Green,ONIONS,BLACK_OLIVES,GREEN_PEPPERS,SPINACH,JALAPENOS,SARDINES
2138865262239786369,November 13, 2015,Tommy,Gloria,3527,Broadway,Spring Field,New Cicily,MEAT,CHEESE,PEPPERONI,SAUSAGE,BACON
2138865262239786370,November 13, 2015,Timothy,Desiree,22916,Orchard,Spring Field,New Cicily,Stinky,CHEESE,ONIONS,EXTRA_CHEESE,GREEN_PEPPERS,JALAPENOS,SAUSAGE
2138865262239786370,November 13, 2015,Timothy,Desiree,22916,Orchard,Spring Field,New Cicily,Funky Medina,CHEESE,EXTRA_CHEESE,MUSHROOMS,ONIONS,SAUSAGE,BLACK_OLIVES,SARDINES
2138865262239786370,November 13, 2015,Timothy,Desiree,22916,Orchard,Spring Field,New Cicily,Spicy MEAT,CHEESE,PEPPERONI,SAUSAGE,BACON,JALAPENOS,JALAPENOS
2138865262239786371,November 13, 2015,Vanessa,Julia,17266,Sunset,Spring Field,New Cicily,MEAT,CHEESE,PEPPERONI,SAUSAGE,BACON
2138865262239786371,November 13, 2015,Vanessa,Julia,17266,Sunset,Spring Field,New Cicily,Spicy MEAT,CHEESE,PEPPERONI,SAUSAGE,BACON,JALAPENOS,JALAPENOS
2138865262239786372,November 13, 2015,Maureen,Isabella,25978,Holly,Spring Field,New Cicily,Stinky,CHEESE,ONIONS,EXTRA_CHEESE,GREEN_PEPPERS,JALAPENOS,SAUSAGE
2138865262239786373,November 14, 2015,Megan,Brooke,10093,Eleventh,Spring Field,New Cicily,Big Green,ONIONS,BLACK_OLIVES,GREEN_PEPPERS,SPINACH,JALAPENOS,SARDINES
2138865262239786373,November 14, 2015,Megan,Brooke,10093,Eleventh,Spring Field,New Cicily,MEAT,CHEESE,PEPPERONI,SAUSAGE,BACON
2138865262239786374,November 14, 2015,Glenn,Billy,1490,Eighth,Spring Field,New Cicily,MEAT,CHEESE,PEPPERONI,SAUSAGE,BACON
2138865262239786375,November 14, 2015,Ann,Isaiah,24051,Sycamore,Spring Field,New Cicily,MEAT,CHEESE,PEPPERONI,SAUSAGE,BACON
2138865262239786376,November 14, 2015,John,Tom,4484,Walnut,Spring Field,New Cicily,MEAT,CHEESE,PEPPERONI,SAUSAGE,BACON
2138865262239786376,November 14, 2015,John,Tom,4484,Walnut,Spring Field,New Cicily,MEAT,CHEESE,PEPPERONI,SAUSAGE,BACON
2138865262239786376,November 14, 2015,John,Tom,4484,Walnut,Spring Field,New Cicily,Big Green,ONIONS,BLACK_OLIVES,GREEN_PEPPERS,SPINACH,JALAPENOS,SARDINES
2138865262239786377,November 14, 2015,Maureen,Sally,12965,Sycamore,Spring Field,New Cicily,Spicy MEAT,CHEESE,PEPPERONI,SAUSAGE,BACON,JALAPENOS,JALAPENOS
2138865262239786378,November 14, 2015,Ann,Seth,7665,Hill,Spring Field,New Cicily,Stinky,CHEESE,ONIONS,EXTRA_CHEESE,GREEN_PEPPERS,JALAPENOS,SAUSAGE
2138865262239786378,November 14, 2015,Ann,Seth,7665,Hill,Spring Field,New Cicily,Stinky,CHEESE,ONIONS,EXTRA_CHEESE,GREEN_PEPPERS,JALAPENOS,SAUSAGE
2138865262239786379,November 14, 2015,Megan,Brenda,11204,Narragansett,Spring Field,New Cicily,Stinky,CHEESE,ONIONS,EXTRA_CHEESE,GREEN_PEPPERS,JALAPENOS,SAUSAGE
2138865262239786380,November 14, 2015,Tommy,Yvonne,26533,Ridge,Spring Field,New Cicily,MEAT,CHEESE,PEPPERONI,SAUSAGE,BACON
2138865262239786380,November 14, 2015,Tommy,Yvonne,26533,Ridge,Spring Field,New Cicily,Funky Medina,CHEESE,EXTRA_CHEESE,MUSHROOMS,ONIONS,SAUSAGE,BLACK_OLIVES,SARDINES
2138865262239786380,November 14, 2015,Tommy,Yvonne,26533,Ridge,Spring Field,New Cicily,Stinky,CHEESE,ONIONS,EXTRA_CHEESE,GREEN_PEPPERS,JALAPENOS,SAUSAGE
2138865262239786380,November 14, 2015,Tommy,Yvonne,26533,Ridge,Spring Field,New Cicily,Spicy MEAT,CHEESE,PEPPERONI,SAUSAGE,BACON,JALAPENOS,JALAPENOS
2138865262239786381,November 14, 2015,Maureen,David,5937,Evergreen,Spring Field,New Cicily,MEAT,CHEESE,PEPPERONI,SAUSAGE,BACON
2138865262239786381,November 14, 2015,Maureen,David,5937,Evergreen,Spring Field,New Cicily,MEAT,CHEESE,PEPPERONI,SAUSAGE,BACON
2138865262239786381,November 14, 2015,Maureen,David,5937,Evergreen,Spring Field,New Cicily,MEAT,CHEESE,PEPPERONI,SAUSAGE,BACON
2138865262239786382,November 14, 2015,John,Bernard,4637,Tenth,Spring Field,New Cicily,MEAT,CHEESE,PEPPERONI,SAUSAGE,BACON
2138865262239786382,November 14, 2015,John,Bernard,4637,Tenth,Spring Field,New Cicily,Big Green,ONIONS,BLACK_OLIVES,GREEN_PEPPERS,SPINACH,JALAPENOS,SARDINES
2138865262239786382,November 14, 2015,John,Bernard,4637,Tenth,Spring Field,New Cicily,Big Green,ONIONS,BLACK_OLIVES,GREEN_PEPPERS,SPINACH,JALAPENOS,SARDINES
2138865262239786383,November 14, 2015,Megan,Michael,23468,Hampton,Spring Field,New Cicily,Stinky,CHEESE,ONIONS,EXTRA_CHEESE,GREEN_PEPPERS,JALAPENOS,SAUSAGE
2138865262239786383,November 14, 2015,Megan,Michael,23468,Hampton,Spring Field,New Cicily,Funky Medina,CHEESE,EXTRA_CHEESE,MUSHROOMS,ONIONS,SAUSAGE,BLACK_OLIVES,SARDINES
2138865262239786384,November 14, 2015,Glenn,Colleen,15224,Hill,Spring Field,New Cicily,MEAT,CHEESE,PEPPERONI,SAUSAGE,BACON
2138865262239786384,November 14, 2015,Glenn,Colleen,15224,Hill,Spring Field,New Cicily,Funky Medina,CHEESE,EXTRA_CHEESE,MUSHROOMS,ONIONS,SAUSAGE,BLACK_OLIVES,SARDINES
2138865262239786384,November 14, 2015,Glenn,Colleen,15224,Hill,Spring Field,New Cicily,Spicy MEAT,CHEESE,PEPPERONI,SAUSAGE,BACON,JALAPENOS,JALAPENOS
2138865262239786384,November 14, 2015,Glenn,Colleen,15224,Hill,Spring Field,New Cicily,Stinky,CHEESE,ONIONS,EXTRA_CHEESE,GREEN_PEPPERS,JALAPENOS,SAUSAGE
2138865262239786385,November 14, 2015,Ann,Trevor,23373,Thirteenth,Spring Field,New Cicily,Stinky,CHEESE,ONIONS,EXTRA_CHEESE,GREEN_PEPPERS,JALAPENOS,SAUSAGE
2138865262239786385,November 14, 2015,Ann,Trevor,23373,Thirteenth,Spring Field,New Cicily,MEAT,CHEESE,PEPPERONI,SAUSAGE,BACON
2138865262239786386,November 14, 2015,Glenn,Katherine,13584,Jackson,Spring Field,New Cicily,Spicy MEAT,CHEESE,PEPPERONI,SAUSAGE,BACON,JALAPENOS,JALAPENOS
2138865262239786387,November 14, 2015,Megan,Linda,29735,Walnut,Spring Field,New Cicily,Funky Medina,CHEESE,EXTRA_CHEESE,MUSHROOMS,ONIONS,SAUSAGE,BLACK_OLIVES,SARDINES
2138865262239786388,November 14, 2015,Glenn,Alex,6043,Pinon,Spring Field,New Cicily,Big Green,ONIONS,BLACK_OLIVES,GREEN_PEPPERS,SPINACH,JALAPENOS,SARDINES
2138865262239786389,November 14, 2015,Maureen,Charlotte,29950,Sixth,Spring Field,New Cicily,Stinky,CHEESE,ONIONS,EXTRA_CHEESE,GREEN_PEPPERS,JALAPENOS,SAUSAGE
2138865262239786390,November 14, 2015,Brett,Delaney,25340,Meadow,Spring Field,New Cicily,MEAT,CHEESE,PEPPERONI,SAUSAGE,BACON
2138865262239786390,November 14, 2015,Brett,Delaney,25340,Meadow,Spring Field,New Cicily,Stinky,CHEESE,ONIONS,EXTRA_CHEESE,GREEN_PEPPERS,JALAPENOS,SAUSAGE
2138865262239786391,November 14, 2015,Brett,Marcus,3774,Pleasant,Spring Field,New Cicily,MEAT,CHEESE,PEPPERONI,SAUSAGE,BACON
2138865262239786392,November 14, 2015,Ann,Mildred,10533,First,Spring Field,New Cicily,MEAT,CHEESE,PEPPERONI,SAUSAGE,BACON
2138865262239786393,November 14, 2015,Maureen,Frank,27095,Fifth,Spring Field,New Cicily,Stinky,CHEESE,ONIONS,EXTRA_CHEESE,GREEN_PEPPERS,JALAPENOS,SAUSAGE
2138865262239786393,November 14, 2015,Maureen,Frank,27095,Fifth,Spring Field,New Cicily,Stinky,CHEESE,ONIONS,EXTRA_CHEESE,GREEN_PEPPERS,JALAPENOS,SAUSAGE
2138865262239786394,November 14, 2015,Ann,Bobby,26154,Malulani,Spring Field,New Cicily,Big Green,ONIONS,BLACK_OLIVES,GREEN_PEPPERS,SPINACH,JALAPENOS,SARDINES
2138865262239786394,November 14, 2015,Ann,Bobby,26154,Malulani,Spring Field,New Cicily,Big Green,ONIONS,BLACK_OLIVES,GREEN_PEPPERS,SPINACH,JALAPENOS,SARDINES
2138865262239786394,November 14, 2015,Ann,Bobby,26154,Malulani,Spring Field,New Cicily,Stinky,CHEESE,ONIONS,EXTRA_CHEESE,GREEN_PEPPERS,JALAPENOS,SAUSAGE
2138865262239786394,November 14, 2015,Ann,Bobby,26154,Malulani,Spring Field,New Cicily,Funky Medina,CHEESE,EXTRA_CHEESE,MUSHROOMS,ONIONS,SAUSAGE,BLACK_OLIVES,SARDINES
2138865262239786395,November 14, 2015,Megan,Adam,7710,Park,Spring Field,New Cicily,Stinky,CHEESE,ONIONS,EXTRA_CHEESE,GREEN_PEPPERS,JALAPENOS,SAUSAGE
2138865262239786395,November 14, 2015,Megan,Adam,7710,Park,Spring Field,New Cicily,Spicy MEAT,CHEESE,PEPPERONI,SAUSAGE,BACON,JALAPENOS,JALAPENOS
2138865262239786395,November 14, 2015,Megan,Adam,7710,Park,Spring Field,New Cicily,Spicy MEAT,CHEESE,PEPPERONI,SAUSAGE,BACON,JALAPENOS,JALAPENOS
2138865262239786396,November 14, 2015,John,Gail,15501,Second,Spring Field,New Cicily,Funky Medina,CHEESE,EXTRA_CHEESE,MUSHROOMS,ONIONS,SAUSAGE,BLACK_OLIVES,SARDINES
2138865262239786396,November 14, 2015,John,Gail,15501,Second,Spring Field,New Cicily,MEAT,CHEESE,PEPPERONI,SAUSAGE,BACON
2138865262239786396,November 14, 2015,John,Gail,15501,Second,Spring Field,New Cicily,Funky Medina,CHEESE,EXTRA_CHEESE,MUSHROOMS,ONIONS,SAUSAGE,BLACK_OLIVES,SARDINES
2138865262239786397,November 14, 2015,Tommy,Gregory,1843,Meadow,Spring Field,New Cicily,Big Green,ONIONS,BLACK_OLIVES,GREEN_PEPPERS,SPINACH,JALAPENOS,SARDINES
2138865262239786397,November 14, 2015,Tommy,Gregory,1843,Meadow,Spring Field,New Cicily,MEAT,CHEESE,PEPPERONI,SAUSAGE,BACON
2138865262239786397,November 14, 2015,Tommy,Gregory,1843,Meadow,Spring Field,New Cicily,MEAT,CHEESE,PEPPERONI,SAUSAGE,BACON
2138865262239786398,November 14, 2015,Ann,Chris,19720,Palo Verde,Spring Field,New Cicily,Stinky,CHEESE,ONIONS,EXTRA_CHEESE,GREEN_PEPPERS,JALAPENOS,SAUSAGE
2138865262239786398,November 14, 2015,Ann,Chris,19720,Palo Verde,Spring Field,New Cicily,Stinky,CHEESE,ONIONS,EXTRA_CHEESE,GREEN_PEPPERS,JALAPENOS,SAUSAGE
2138865262239786399,November 14, 2015,Tommy,Anne,21513,Apache,Spring Field,New Cicily,Big Green,ONIONS,BLACK_OLIVES,GREEN_PEPPERS,SPINACH,JALAPENOS,SARDINES
2138865262239786399,November 14, 2015,Tommy,Anne,21513,Apache,Spring Field,New Cicily,Big Green,ONIONS,BLACK_OLIVES,GREEN_PEPPERS,SPINACH,JALAPENOS,SARDINES
2138865262239786400,November 14, 2015,Vanessa,Jay,7667,Williams,Spring Field,New Cicily,MEAT,CHEESE,PEPPERONI,SAUSAGE,BACON
2138865262239786400,November 14, 2015,Vanessa,Jay,7667,Williams,Spring Field,New Cicily,Stinky,CHEESE,ONIONS,EXTRA_CHEESE,GREEN_PEPPERS,JALAPENOS,SAUSAGE
2138865262239786401,November 14, 2015,Megan,Ivan,8748,Cypress,Spring Field,New Cicily,Spicy MEAT,CHEESE,PEPPERONI,SAUSAGE,BACON,JALAPENOS,JALAPENOS
2138865262239786401,November 14, 2015,Megan,Ivan,8748,Cypress,Spring Field,New Cicily,Spicy MEAT,CHEESE,PEPPERONI,SAUSAGE,BACON,JALAPENOS,JALAPENOS
2138865262239786402,November 14, 2015,Brett,Ronald,23349,Lee,Spring Field,New Cicily,Spicy MEAT,CHEESE,PEPPERONI,SAUSAGE,BACON,JALAPENOS,JALAPENOS
2138865262239786402,November 14, 2015,Brett,Ronald,23349,Lee,Spring Field,New Cicily,Stinky,CHEESE,ONIONS,EXTRA_CHEESE,GREEN_PEPPERS,JALAPENOS,SAUSAGE
2138865262239786403,November 14, 2015,Vanessa,Logan,23426,S 400,Spring Field,New Cicily,Spicy MEAT,CHEESE,PEPPERONI,SAUSAGE,BACON,JALAPENOS,JALAPENOS
2138865262239786403,November 14, 2015,Vanessa,Logan,23426,S 400,Spring Field,New Cicily,Big Green,ONIONS,BLACK_OLIVES,GREEN_PEPPERS,SPINACH,JALAPENOS,SARDINES
2138865262239786403,November 14, 2015,Vanessa,Logan,23426,S 400,Spring Field,New Cicily,Big Green,ONIONS,BLACK_OLIVES,GREEN_PEPPERS,SPINACH,JALAPENOS,SARDINES
2138865262239786404,November 14, 2015,Tommy,Steve,3455,Fourth,Spring Field,New Cicily,Funky Medina,CHEESE,EXTRA_CHEESE,MUSHROOMS,ONIONS,SAUSAGE,BLACK_OLIVES,SARDINES
2138865262239786404,November 14, 2015,Tommy,Steve,3455,Fourth,Spring Field,New Cicily,MEAT,CHEESE,PEPPERONI,SAUSAGE,BACON
2138865262239786405,November 14, 2015,Ann,Adrianna,15648,Eleventh,Spring Field,New Cicily,Stinky,CHEESE,ONIONS,EXTRA_CHEESE,GREEN_PEPPERS,JALAPENOS,SAUSAGE
2138865262239786406,November 14, 2015,Glenn,Stanley,9157,Broadway,Spring Field,New Cicily,Big Green,ONIONS,BLACK_OLIVES,GREEN_PEPPERS,SPINACH,JALAPENOS,SARDINES
2138865262239786406,November 14, 2015,Glenn,Stanley,9157,Broadway,Spring Field,New Cicily,Funky Medina,CHEESE,EXTRA_CHEESE,MUSHROOMS,ONIONS,SAUSAGE,BLACK_OLIVES,SARDINES
2138865262239786406,November 14, 2015,Glenn,Stanley,9157,Broadway,Spring Field,New Cicily,Big Green,ONIONS,BLACK_OLIVES,GREEN_PEPPERS,SPINACH,JALAPENOS,SARDINES
2138865262239786407,November 14, 2015,Brett,Ruben,18309,River,Spring Field,New Cicily,Big Green,ONIONS,BLACK_OLIVES,GREEN_PEPPERS,SPINACH,JALAPENOS,SARDINES
2138865262239786407,November 14, 2015,Brett,Ruben,18309,River,Spring Field,New Cicily,Spicy MEAT,CHEESE,PEPPERONI,SAUSAGE,BACON,JALAPENOS,JALAPENOS
2138865262239786408,November 14, 2015,Vanessa,Tracy,19661,S 100,Spring Field,New Cicily,Funky Medina,CHEESE,EXTRA_CHEESE,MUSHROOMS,ONIONS,SAUSAGE,BLACK_OLIVES,SARDINES
2138865262239786408,November 14, 2015,Vanessa,Tracy,19661,S 100,Spring Field,New Cicily,Stinky,CHEESE,ONIONS,EXTRA_CHEESE,GREEN_PEPPERS,JALAPENOS,SAUSAGE
2138865262239786408,November 14, 2015,Vanessa,Tracy,19661,S 100,Spring Field,New Cicily,MEAT,CHEESE,PEPPERONI,SAUSAGE,BACON
2138865262239786409,November 14, 2015,Maureen,Ricky,29886,North,Spring Field,New Cicily,Big Green,ONIONS,BLACK_OLIVES,GREEN_PEPPERS,SPINACH,JALAPENOS,SARDINES
2138865262239786409,November 14, 2015,Maureen,Ricky,29886,North,Spring Field,New Cicily,Big Green,ONIONS,BLACK_OLIVES,GREEN_PEPPERS,SPINACH,JALAPENOS,SARDINES
2138865262239786410,November 14, 2015,Maureen,Garry,3765,Hampton,Spring Field,New Cicily,Stinky,CHEESE,ONIONS,EXTRA_CHEESE,GREEN_PEPPERS,JALAPENOS,SAUSAGE
2138865262239786411,November 14, 2015,Glenn,Jacqueline,29664,Elm,Spring Field,New Cicily,MEAT,CHEESE,PEPPERONI,SAUSAGE,BACON
2138865262239786411,November 14, 2015,Glenn,Jacqueline,29664,Elm,Spring Field,New Cicily,Spicy MEAT,CHEESE,PEPPERONI,SAUSAGE,BACON,JALAPENOS,JALAPENOS
2138865262239786411,November 14, 2015,Glenn,Jacqueline,29664,Elm,Spring Field,New Cicily,MEAT,CHEESE,PEPPERONI,SAUSAGE,BACON
2138865262239786411,November 14, 2015,Glenn,Jacqueline,29664,Elm,Spring Field,New Cicily,Big Green,ONIONS,BLACK_OLIVES,GREEN_PEPPERS,SPINACH,JALAPENOS,SARDINES
2138865262239786412,November 14, 2015,Maureen,Rickey,29690,Third,Spring Field,New Cicily,Funky Medina,CHEESE,EXTRA_CHEESE,MUSHROOMS,ONIONS,SAUSAGE,BLACK_OLIVES,SARDINES
2138865262239786412,November 14, 2015,Maureen,Rickey,29690,Third,Spring Field,New Cicily,Funky Medina,CHEESE,EXTRA_CHEESE,MUSHROOMS,ONIONS,SAUSAGE,BLACK_OLIVES,SARDINES
2138865262239786413,November 14, 2015,Glenn,Sylvia,28929,Dogwood,Spring Field,New Cicily,Stinky,CHEESE,ONIONS,EXTRA_CHEESE,GREEN_PEPPERS,JALAPENOS,SAUSAGE
2138865262239786414,November 14, 2015,Vanessa,Julian,17372,Quail,Spring Field,New Cicily,MEAT,CHEESE,PEPPERONI,SAUSAGE,BACON
2138865262239786414,November 14, 2015,Vanessa,Julian,17372,Quail,Spring Field,New Cicily,Big Green,ONIONS,BLACK_OLIVES,GREEN_PEPPERS,SPINACH,JALAPENOS,SARDINES
2138865262239786415,November 14, 2015,Glenn,Edwin,23917,Willow,Spring Field,New Cicily,Big Green,ONIONS,BLACK_OLIVES,GREEN_PEPPERS,SPINACH,JALAPENOS,SARDINES
2138865262239786415,November 14, 2015,Glenn,Edwin,23917,Willow,Spring Field,New Cicily,Funky Medina,CHEESE,EXTRA_CHEESE,MUSHROOMS,ONIONS,SAUSAGE,BLACK_OLIVES,SARDINES
2138865262239786415,November 14, 2015,Glenn,Edwin,23917,Willow,Spring Field,New Cicily,MEAT,CHEESE,PEPPERONI,SAUSAGE,BACON
2138865262239786415,November 14, 2015,Glenn,Edwin,23917,Willow,Spring Field,New Cicily,Spicy MEAT,CHEESE,PEPPERONI,SAUSAGE,BACON,JALAPENOS,JALAPENOS
2138865262239786416,November 14, 2015,Vanessa,Emma,28943,Hickory,Spring Field,New Cicily,Funky Medina,CHEESE,EXTRA_CHEESE,MUSHROOMS,ONIONS,SAUSAGE,BLACK_OLIVES,SARDINES
2138865262239786416,November 14, 2015,Vanessa,Emma,28943,Hickory,Spring Field,New Cicily,MEAT,CHEESE,PEPPERONI,SAUSAGE,BACON
2138865262239786416,November 14, 2015,Vanessa,Emma,28943,Hickory,Spring Field,New Cicily,Stinky,CHEESE,ONIONS,EXTRA_CHEESE,GREEN_PEPPERS,JALAPENOS,SAUSAGE
2138865262239786417,November 14, 2015,John,Tammy,29454,Malulani,Spring Field,New Cicily,Spicy MEAT,CHEESE,PEPPERONI,SAUSAGE,BACON,JALAPENOS,JALAPENOS
2138865262239786418,November 14, 2015,Brett,Jose,27572,Columbine,Spring Field,New Cicily,MEAT,CHEESE,PEPPERONI,SAUSAGE,BACON
2138865262239786418,November 14, 2015,Brett,Jose,27572,Columbine,Spring Field,New Cicily,Stinky,CHEESE,ONIONS,EXTRA_CHEESE,GREEN_PEPPERS,JALAPENOS,SAUSAGE
2138865262239786418,November 14, 2015,Brett,Jose,27572,Columbine,Spring Field,New Cicily,Spicy MEAT,CHEESE,PEPPERONI,SAUSAGE,BACON,JALAPENOS,JALAPENOS
2138865262239786418,November 14, 2015,Brett,Jose,27572,Columbine,Spring Field,New Cicily,Spicy MEAT,CHEESE,PEPPERONI,SAUSAGE,BACON,JALAPENOS,JALAPENOS
2138865262239786419,November 14, 2015,Brett,Colin,6499,Willow,Spring Field,New Cicily,MEAT,CHEESE,PEPPERONI,SAUSAGE,BACON
2138865262239786419,November 14, 2015,Brett,Colin,6499,Willow,Spring Field,New Cicily,MEAT,CHEESE,PEPPERONI,SAUSAGE,BACON
2138865262239786420,November 14, 2015,John,Danielle,11320,Sunset,Spring Field,New Cicily,Stinky,CHEESE,ONIONS,EXTRA_CHEESE,GREEN_PEPPERS,JALAPENOS,SAUSAGE
2138865262239786420,November 14, 2015,John,Danielle,11320,Sunset,Spring Field,New Cicily,Funky Medina,CHEESE,EXTRA_CHEESE,MUSHROOMS,ONIONS,SAUSAGE,BLACK_OLIVES,SARDINES
2138865262239786421,November 14, 2015,Maureen,Marianne,6010,Willow,Spring Field,New Cicily,Big Green,ONIONS,BLACK_OLIVES,GREEN_PEPPERS,SPINACH,JALAPENOS,SARDINES
2138865262239786421,November 14, 2015,Maureen,Marianne,6010,Willow,Spring Field,New Cicily,Spicy MEAT,CHEESE,PEPPERONI,SAUSAGE,BACON,JALAPENOS,JALAPENOS
2138865262239786422,November 14, 2015,Megan,Dale,16678,Lehua,Spring Field,New Cicily,Spicy MEAT,CHEESE,PEPPERONI,SAUSAGE,BACON,JALAPENOS,JALAPENOS
2138865262239786422,November 14, 2015,Megan,Dale,16678,Lehua,Spring Field,New Cicily,Spicy MEAT,CHEESE,PEPPERONI,SAUSAGE,BACON,JALAPENOS,JALAPENOS
2138865262239786422,November 14, 2015,Megan,Dale,16678,Lehua,Spring Field,New Cicily,MEAT,CHEESE,PEPPERONI,SAUSAGE,BACON
2138865262239786423,November 14, 2015,Brett,Alan,27565,Twelfth,Spring Field,New Cicily,Stinky,CHEESE,ONIONS,EXTRA_CHEESE,GREEN_PEPPERS,JALAPENOS,SAUSAGE
2138865262239786423,November 14, 2015,Brett,Alan,27565,Twelfth,Spring Field,New Cicily,Spicy MEAT,CHEESE,PEPPERONI,SAUSAGE,BACON,JALAPENOS,JALAPENOS
2138865262239786423,November 14, 2015,Brett,Alan,27565,Twelfth,Spring Field,New Cicily,Funky Medina,CHEESE,EXTRA_CHEESE,MUSHROOMS,ONIONS,SAUSAGE,BLACK_OLIVES,SARDINES
2138865262239786424,November 14, 2015,Vanessa,Connor,18372,Sycamore,Spring Field,New Cicily,MEAT,CHEESE,PEPPERONI,SAUSAGE,BACON
2138865262239786424,November 14, 2015,Vanessa,Connor,18372,Sycamore,Spring Field,New Cicily,Stinky,CHEESE,ONIONS,EXTRA_CHEESE,GREEN_PEPPERS,JALAPENOS,SAUSAGE
2138865262239786425,November 14, 2015,Ann,Ann,28591,Park,Spring Field,New Cicily,MEAT,CHEESE,PEPPERONI,SAUSAGE,BACON
2138865262239786425,November 14, 2015,Ann,Ann,28591,Park,Spring Field,New Cicily,Big Green,ONIONS,BLACK_OLIVES,GREEN_PEPPERS,SPINACH,JALAPENOS,SARDINES
2138865262239786426,November 14, 2015,Vanessa,Jean,12521,Magnolia,Spring Field,New Cicily,MEAT,CHEESE,PEPPERONI,SAUSAGE,BACON
2138865262239786427,November 14, 2015,Ann,Hailey,4135,Hemlock,Spring Field,New Cicily,Stinky,CHEESE,ONIONS,EXTRA_CHEESE,GREEN_PEPPERS,JALAPENOS,SAUSAGE
2138865262239786427,November 14, 2015,Ann,Hailey,4135,Hemlock,Spring Field,New Cicily,Funky Medina,CHEESE,EXTRA_CHEESE,MUSHROOMS,ONIONS,SAUSAGE,BLACK_OLIVES,SARDINES
2138865262239786428,November 14, 2015,Megan,Betty,12865,Ridge,Spring Field,New Cicily,Stinky,CHEESE,ONIONS,EXTRA_CHEESE,GREEN_PEPPERS,JALAPENOS,SAUSAGE
2138865262239786428,November 14, 2015,Megan,Betty,12865,Ridge,Spring Field,New Cicily,MEAT,CHEESE,PEPPERONI,SAUSAGE,BACON
2138865262239786429,November 14, 2015,John,April,12973,S 400,Spring Field,New Cicily,Spicy MEAT,CHEESE,PEPPERONI,SAUSAGE,BACON,JALAPENOS,JALAPENOS
2138865262239786429,November 14, 2015,John,April,12973,S 400,Spring Field,New Cicily,Stinky,CHEESE,ONIONS,EXTRA_CHEESE,GREEN_PEPPERS,JALAPENOS,SAUSAGE
2138865262239786429,November 14, 2015,John,April,12973,S 400,Spring Field,New Cicily,MEAT,CHEESE,PEPPERONI,SAUSAGE,BACON
2138865262239786430,November 14, 2015,Maureen,Frank,5584,Birch,Spring Field,New Cicily,MEAT,CHEESE,PEPPERONI,SAUSAGE,BACON
2138865262239786430,November 14, 2015,Maureen,Frank,5584,Birch,Spring Field,New Cicily,Big Green,ONIONS,BLACK_OLIVES,GREEN_PEPPERS,SPINACH,JALAPENOS,SARDINES
2138865262239786430,November 14, 2015,Maureen,Frank,5584,Birch,Spring Field,New Cicily,Funky Medina,CHEESE,EXTRA_CHEESE,MUSHROOMS,ONIONS,SAUSAGE,BLACK_OLIVES,SARDINES
2138865262239786431,November 14, 2015,Vanessa,Catherine,9525,Mesquite,Spring Field,New Cicily,Funky Medina,CHEESE,EXTRA_CHEESE,MUSHROOMS,ONIONS,SAUSAGE,BLACK_OLIVES,SARDINES
2138865262239786432,November 15, 2015,Vanessa,Monica,26513,Orchard,Spring Field,New Cicily,Stinky,CHEESE,ONIONS,EXTRA_CHEESE,GREEN_PEPPERS,JALAPENOS,SAUSAGE
2138865262239786432,November 15, 2015,Vanessa,Monica,26513,Orchard,Spring Field,New Cicily,MEAT,CHEESE,PEPPERONI,SAUSAGE,BACON
2138865262239786432,November 15, 2015,Vanessa,Monica,26513,Orchard,Spring Field,New Cicily,Stinky,CHEESE,ONIONS,EXTRA_CHEESE,GREEN_PEPPERS,JALAPENOS,SAUSAGE
2138865262239786433,November 15, 2015,Glenn,Randall,24080,Williams,Spring Field,New Cicily,Spicy MEAT,CHEESE,PEPPERONI,SAUSAGE,BACON,JALAPENOS,JALAPENOS
2138865262239786433,November 15, 2015,Glenn,Randall,24080,Williams,Spring Field,New Cicily,Spicy MEAT,CHEESE,PEPPERONI,SAUSAGE,BACON,JALAPENOS,JALAPENOS
2138865262239786434,November 15, 2015,Maureen,Melanie,28437,Palo Verde,Spring Field,New Cicily,Stinky,CHEESE,ONIONS,EXTRA_CHEESE,GREEN_PEPPERS,JALAPENOS,SAUSAGE
2138865262239786435,November 15, 2015,John,Gloria,2552,Williams,Spring Field,New Cicily,Stinky,CHEESE,ONIONS,EXTRA_CHEESE,GREEN_PEPPERS,JALAPENOS,SAUSAGE
2138865262239786435,November 15, 2015,John,Gloria,2552,Williams,Spring Field,New Cicily,MEAT,CHEESE,PEPPERONI,SAUSAGE,BACON
2138865262239786436,November 15, 2015,Maureen,Angel,6974,Kahili,Spring Field,New Cicily,Funky Medina,CHEESE,EXTRA_CHEESE,MUSHROOMS,ONIONS,SAUSAGE,BLACK_OLIVES,SARDINES
2138865262239786436,November 15, 2015,Maureen,Angel,6974,Kahili,Spring Field,New Cicily,Funky Medina,CHEESE,EXTRA_CHEESE,MUSHROOMS,ONIONS,SAUSAGE,BLACK_OLIVES,SARDINES
2138865262239786436,November 15, 2015,Maureen,Angel,6974,Kahili,Spring Field,New Cicily,Spicy MEAT,CHEESE,PEPPERONI,SAUSAGE,BACON,JALAPENOS,JALAPENOS
2138865262239786436,November 15, 2015,Maureen,Angel,6974,Kahili,Spring Field,New Cicily,MEAT,CHEESE,PEPPERONI,SAUSAGE,BACON
2138865262239786437,November 15, 2015,John,Melinda,10952,Oak,Spring Field,New Cicily,Stinky,CHEESE,ONIONS,EXTRA_CHEESE,GREEN_PEPPERS,JALAPENOS,SAUSAGE
2138865262239786437,November 15, 2015,John,Melinda,10952,Oak,Spring Field,New Cicily,Stinky,CHEESE,ONIONS,EXTRA_CHEESE,GREEN_PEPPERS,JALAPENOS,SAUSAGE
2138865262239786437,November 15, 2015,John,Melinda,10952,Oak,Spring Field,New Cicily,Stinky,CHEESE,ONIONS,EXTRA_CHEESE,GREEN_PEPPERS,JALAPENOS,SAUSAGE
2138865262239786438,November 15, 2015,John,Karen,3181,Lehua,Spring Field,New Cicily,Big Green,ONIONS,BLACK_OLIVES,GREEN_PEPPERS,SPINACH,JALAPENOS,SARDINES
2138865262239786438,November 15, 2015,John,Karen,3181,Lehua,Spring Field,New Cicily,MEAT,CHEESE,PEPPERONI,SAUSAGE,BACON
2138865262239786439,November 15, 2015,Maureen,Sergio,21275,Cherry,Spring Field,New Cicily,Stinky,CHEESE,ONIONS,EXTRA_CHEESE,GREEN_PEPPERS,JALAPENOS,SAUSAGE
2138865262239786440,November 15, 2015,Brett,Gary,25553,Bay,Spring Field,New Cicily,MEAT,CHEESE,PEPPERONI,SAUSAGE,BACON
2138865262239786440,November 15, 2015,Brett,Gary,25553,Bay,Spring Field,New Cicily,Big Green,ONIONS,BLACK_OLIVES,GREEN_PEPPERS,SPINACH,JALAPENOS,SARDINES
2138865262239786441,November 15, 2015,Brett,Willard,3845,Cottonwood,Spring Field,New Cicily,Stinky,CHEESE,ONIONS,EXTRA_CHEESE,GREEN_PEPPERS,JALAPENOS,SAUSAGE
2138865262239786442,November 15, 2015,Brett,Chelsea,17284,Evergreen,Spring Field,New Cicily,Spicy MEAT,CHEESE,PEPPERONI,SAUSAGE,BACON,JALAPENOS,JALAPENOS
2138865262239786442,November 15, 2015,Brett,Chelsea,17284,Evergreen,Spring Field,New Cicily,MEAT,CHEESE,PEPPERONI,SAUSAGE,BACON
2138865262239786443,November 15, 2015,Maureen,Juan,22703,Redwood,Spring Field,New Cicily,Spicy MEAT,CHEESE,PEPPERONI,SAUSAGE,BACON,JALAPENOS,JALAPENOS
2138865262239786443,November 15, 2015,Maureen,Juan,22703,Redwood,Spring Field,New Cicily,MEAT,CHEESE,PEPPERONI,SAUSAGE,BACON
2138865262239786443,November 15, 2015,Maureen,Juan,22703,Redwood,Spring Field,New Cicily,Funky Medina,CHEESE,EXTRA_CHEESE,MUSHROOMS,ONIONS,SAUSAGE,BLACK_OLIVES,SARDINES
2138865262239786444,November 15, 2015,Glenn,Mike,12943,Ninth,Spring Field,New Cicily,MEAT,CHEESE,PEPPERONI,SAUSAGE,BACON
2138865262239786444,November 15, 2015,Glenn,Mike,12943,Ninth,Spring Field,New Cicily,Spicy MEAT,CHEESE,PEPPERONI,SAUSAGE,BACON,JALAPENOS,JALAPENOS
2138865262239786445,November 15, 2015,Vanessa,Gilbert,2385,N 400,Spring Field,New Cicily,Big Green,ONIONS,BLACK_OLIVES,GREEN_PEPPERS,SPINACH,JALAPENOS,SARDINES
2138865262239786446,November 15, 2015,Maureen,Alexandra,5982,Lincoln,Spring Field,New Cicily,Funky Medina,CHEESE,EXTRA_CHEESE,MUSHROOMS,ONIONS,SAUSAGE,BLACK_OLIVES,SARDINES
2138865262239786446,November 15, 2015,Maureen,Alexandra,5982,Lincoln,Spring Field,New Cicily,Spicy MEAT,CHEESE,PEPPERONI,SAUSAGE,BACON,JALAPENOS,JALAPENOS
2138865262239786447,November 15, 2015,John,Andre,28251,Johnson,Spring Field,New Cicily,Funky Medina,CHEESE,EXTRA_CHEESE,MUSHROOMS,ONIONS,SAUSAGE,BLACK_OLIVES,SARDINES
2138865262239786448,November 15, 2015,John,Victor,4661,Navajo,Spring Field,New Cicily,MEAT,CHEESE,PEPPERONI,SAUSAGE,BACON
2138865262239786449,November 15, 2015,Wayne,Ann,1740,Lake,Spring Field,New Cicily,Stinky,CHEESE,ONIONS,EXTRA_CHEESE,GREEN_PEPPERS,JALAPENOS,SAUSAGE
2138865262239786449,November 15, 2015,Wayne,Ann,1740,Lake,Spring Field,New Cicily,Funky Medina,CHEESE,EXTRA_CHEESE,MUSHROOMS,ONIONS,SAUSAGE,BLACK_OLIVES,SARDINES
2138865262239786450,November 15, 2015,John,Stephen,8730,Hill,Spring Field,New Cicily,Spicy MEAT,CHEESE,PEPPERONI,SAUSAGE,BACON,JALAPENOS,JALAPENOS
2138865262239786451,November 15, 2015,Glenn,Levi,22282,Williams,Spring Field,New Cicily,Big Green,ONIONS,BLACK_OLIVES,GREEN_PEPPERS,SPINACH,JALAPENOS,SARDINES
2138865262239786451,November 15, 2015,Glenn,Levi,22282,Williams,Spring Field,New Cicily,Big Green,ONIONS,BLACK_OLIVES,GREEN_PEPPERS,SPINACH,JALAPENOS,SARDINES
2138865262239786452,November 15, 2015,Vanessa,Clara,13269,Ridge,Spring Field,New Cicily,Spicy MEAT,CHEESE,PEPPERONI,SAUSAGE,BACON,JALAPENOS,JALAPENOS
2138865262239786453,November 15, 2015,Glenn,Wendell,26253,Fourth,Spring Field,New Cicily,Stinky,CHEESE,ONIONS,EXTRA_CHEESE,GREEN_PEPPERS,JALAPENOS,SAUSAGE
2138865262239786453,November 15, 2015,Glenn,Wendell,26253,Fourth,Spring Field,New Cicily,Stinky,CHEESE,ONIONS,EXTRA_CHEESE,GREEN_PEPPERS,JALAPENOS,SAUSAGE
2138865262239786454,November 15, 2015,Vanessa,Jaime,28733,Juniper,Spring Field,New Cicily,Big Green,ONIONS,BLACK_OLIVES,GREEN_PEPPERS,SPINACH,JALAPENOS,SARDINES
2138865262239786454,November 15, 2015,Vanessa,Jaime,28733,Juniper,Spring Field,New Cicily,MEAT,CHEESE,PEPPERONI,SAUSAGE,BACON
2138865262239786454,November 15, 2015,Vanessa,Jaime,28733,Juniper,Spring Field,New Cicily,MEAT,CHEESE,PEPPERONI,SAUSAGE,BACON
2138865262239786455,November 15, 2015,Vanessa,Bobby,15155,Eighth,Spring Field,New Cicily,MEAT,CHEESE,PEPPERONI,SAUSAGE,BACON
2138865262239786455,November 15, 2015,Vanessa,Bobby,15155,Eighth,Spring Field,New Cicily,MEAT,CHEESE,PEPPERONI,SAUSAGE,BACON
2138865262239786455,November 15, 2015,Vanessa,Bobby,15155,Eighth,Spring Field,New Cicily,Big Green,ONIONS,BLACK_OLIVES,GREEN_PEPPERS,SPINACH,JALAPENOS,SARDINES
2138865262239786456,November 15, 2015,Maureen,Alexandra,27044,Ninth,Spring Field,New Cicily,Stinky,CHEESE,ONIONS,EXTRA_CHEESE,GREEN_PEPPERS,JALAPENOS,SAUSAGE
2138865262239786456,November 15, 2015,Maureen,Alexandra,27044,Ninth,Spring Field,New Cicily,MEAT,CHEESE,PEPPERONI,SAUSAGE,BACON
2138865262239786456,November 15, 2015,Maureen,Alexandra,27044,Ninth,Spring Field,New Cicily,Spicy MEAT,CHEESE,PEPPERONI,SAUSAGE,BACON,JALAPENOS,JALAPENOS
2138865262239786456,November 15, 2015,Maureen,Alexandra,27044,Ninth,Spring Field,New Cicily,Funky Medina,CHEESE,EXTRA_CHEESE,MUSHROOMS,ONIONS,SAUSAGE,BLACK_OLIVES,SARDINES
2138865262239786457,November 15, 2015,John,Jasmin,4101,West,Spring Field,New Cicily,MEAT,CHEESE,PEPPERONI,SAUSAGE,BACON
2138865262239786457,November 15, 2015,John,Jasmin,4101,West,Spring Field,New Cicily,MEAT,CHEESE,PEPPERONI,SAUSAGE,BACON
2138865262239786458,November 15, 2015,Brett,Fred,25329,Church,Spring Field,New Cicily,Spicy MEAT,CHEESE,PEPPERONI,SAUSAGE,BACON,JALAPENOS,JALAPENOS
2138865262239786458,November 15, 2015,Brett,Fred,25329,Church,Spring Field,New Cicily,Spicy MEAT,CHEESE,PEPPERONI,SAUSAGE,BACON,JALAPENOS,JALAPENOS
2138865262239786459,November 15, 2015,Ann,Kelly,9637,Spruce,Spring Field,New Cicily,MEAT,CHEESE,PEPPERONI,SAUSAGE,BACON
2138865262239786460,November 15, 2015,Ann,Nicole,8485,Washington,Spring Field,New Cicily,MEAT,CHEESE,PEPPERONI,SAUSAGE,BACON
2138865262239786460,November 15, 2015,Ann,Nicole,8485,Washington,Spring Field,New Cicily,MEAT,CHEESE,PEPPERONI,SAUSAGE,BACON
2138865262239786460,November 15, 2015,Ann,Nicole,8485,Washington,Spring Field,New Cicily,Big Green,ONIONS,BLACK_OLIVES,GREEN_PEPPERS,SPINACH,JALAPENOS,SARDINES
2138865262239786461,November 15, 2015,Glenn,Sam,28035,Kukui,Spring Field,New Cicily,Stinky,CHEESE,ONIONS,EXTRA_CHEESE,GREEN_PEPPERS,JALAPENOS,SAUSAGE
2138865262239786461,November 15, 2015,Glenn,Sam,28035,Kukui,Spring Field,New Cicily,Stinky,CHEESE,ONIONS,EXTRA_CHEESE,GREEN_PEPPERS,JALAPENOS,SAUSAGE
2138865262239786462,November 15, 2015,Glenn,Ronnie,29834,Wilson,Spring Field,New Cicily,MEAT,CHEESE,PEPPERONI,SAUSAGE,BACON
2138865262239786463,November 15, 2015,Glenn,Tracey,25061,Williams,Spring Field,New Cicily,Stinky,CHEESE,ONIONS,EXTRA_CHEESE,GREEN_PEPPERS,JALAPENOS,SAUSAGE
2138865262239786463,November 15, 2015,Glenn,Tracey,25061,Williams,Spring Field,New Cicily,Big Green,ONIONS,BLACK_OLIVES,GREEN_PEPPERS,SPINACH,JALAPENOS,SARDINES
2138865262239786463,November 15, 2015,Glenn,Tracey,25061,Williams,Spring Field,New Cicily,MEAT,CHEESE,PEPPERONI,SAUSAGE,BACON
2138865262239786464,November 15, 2015,Glenn,Corey,2240,Hemlock,Spring Field,New Cicily,MEAT,CHEESE,PEPPERONI,SAUSAGE,BACON
2138865262239786464,November 15, 2015,Glenn,Corey,2240,Hemlock,Spring Field,New Cicily,Funky Medina,CHEESE,EXTRA_CHEESE,MUSHROOMS,ONIONS,SAUSAGE,BLACK_OLIVES,SARDINES
2138865262239786464,November 15, 2015,Glenn,Corey,2240,Hemlock,Spring Field,New Cicily,Funky Medina,CHEESE,EXTRA_CHEESE,MUSHROOMS,ONIONS,SAUSAGE,BLACK_OLIVES,SARDINES
2138865262239786465,November 15, 2015,John,Randolph,3360,Park,Spring Field,New Cicily,MEAT,CHEESE,PEPPERONI,SAUSAGE,BACON
2138865262239786465,November 15, 2015,John,Randolph,3360,Park,Spring Field,New Cicily,Funky Medina,CHEESE,EXTRA_CHEESE,MUSHROOMS,ONIONS,SAUSAGE,BLACK_OLIVES,SARDINES
2138865262239786466,November 15, 2015,John,Yvonne,23834,Navajo,Spring Field,New Cicily,MEAT,CHEESE,PEPPERONI,SAUSAGE,BACON
2138865262239786466,November 15, 2015,John,Yvonne,23834,Navajo,Spring Field,New Cicily,MEAT,CHEESE,PEPPERONI,SAUSAGE,BACON
2138865262239786467,November 15, 2015,Vanessa,Taylor,18900,Aspen,Spring Field,New Cicily,Funky Medina,CHEESE,EXTRA_CHEESE,MUSHROOMS,ONIONS,SAUSAGE,BLACK_OLIVES,SARDINES
2138865262239786467,November 15, 2015,Vanessa,Taylor,18900,Aspen,Spring Field,New Cicily,Spicy MEAT,CHEESE,PEPPERONI,SAUSAGE,BACON,JALAPENOS,JALAPENOS
2138865262239786468,November 15, 2015,Wayne,Lucy,23543,Dogwood,Spring Field,New Cicily,MEAT,CHEESE,PEPPERONI,SAUSAGE,BACON
2138865262239786468,November 15, 2015,Wayne,Lucy,23543,Dogwood,Spring Field,New Cicily,Spicy MEAT,CHEESE,PEPPERONI,SAUSAGE,BACON,JALAPENOS,JALAPENOS
2138865262239786468,November 15, 2015,Wayne,Lucy,23543,Dogwood,Spring Field,New Cicily,Big Green,ONIONS,BLACK_OLIVES,GREEN_PEPPERS,SPINACH,JALAPENOS,SARDINES
2138865262239786468,November 15, 2015,Wayne,Lucy,23543,Dogwood,Spring Field,New Cicily,Funky Medina,CHEESE,EXTRA_CHEESE,MUSHROOMS,ONIONS,SAUSAGE,BLACK_OLIVES,SARDINES
2138865262239786469,November 15, 2015,Ann,Brayden,987,Juniper,Spring Field,New Cicily,Stinky,CHEESE,ONIONS,EXTRA_CHEESE,GREEN_PEPPERS,JALAPENOS,SAUSAGE
2138865262239786469,November 15, 2015,Ann,Brayden,987,Juniper,Spring Field,New Cicily,MEAT,CHEESE,PEPPERONI,SAUSAGE,BACON
2138865262239786470,November 15, 2015,John,Dennis,5030,Kahili,Spring Field,New Cicily,Big Green,ONIONS,BLACK_OLIVES,GREEN_PEPPERS,SPINACH,JALAPENOS,SARDINES
2138865262239786471,November 15, 2015,Brett,Trevor,25649,Lee,Spring Field,New Cicily,Big Green,ONIONS,BLACK_OLIVES,GREEN_PEPPERS,SPINACH,JALAPENOS,SARDINES
2138865262239786472,November 15, 2015,Tommy,Maria,13780,Columbine,Spring Field,New Cicily,Funky Medina,CHEESE,EXTRA_CHEESE,MUSHROOMS,ONIONS,SAUSAGE,BLACK_OLIVES,SARDINES
2138865262239786472,November 15, 2015,Tommy,Maria,13780,Columbine,Spring Field,New Cicily,Big Green,ONIONS,BLACK_OLIVES,GREEN_PEPPERS,SPINACH,JALAPENOS,SARDINES
2138865262239786473,November 15, 2015,Vanessa,Courtney,16819,Hill,Spring Field,New Cicily,Big Green,ONIONS,BLACK_OLIVES,GREEN_PEPPERS,SPINACH,JALAPENOS,SARDINES
2138865262239786474,November 16, 2015,Tommy,Pedro,26980,Lee,Spring Field,New Cicily,Big Green,ONIONS,BLACK_OLIVES,GREEN_PEPPERS,SPINACH,JALAPENOS,SARDINES
2138865262239786474,November 16, 2015,Tommy,Pedro,26980,Lee,Spring Field,New Cicily,MEAT,CHEESE,PEPPERONI,SAUSAGE,BACON
2138865262239786475,November 16, 2015,John,Gregg,13834,Shore,Spring Field,New Cicily,Funky Medina,CHEESE,EXTRA_CHEESE,MUSHROOMS,ONIONS,SAUSAGE,BLACK_OLIVES,SARDINES
2138865262239786476,November 16, 2015,Vanessa,Melvin,27751,West,Spring Field,New Cicily,Funky Medina,CHEESE,EXTRA_CHEESE,MUSHROOMS,ONIONS,SAUSAGE,BLACK_OLIVES,SARDINES
2138865262239786476,November 16, 2015,Vanessa,Melvin,27751,West,Spring Field,New Cicily,MEAT,CHEESE,PEPPERONI,SAUSAGE,BACON
2138865262239786477,November 16, 2015,Brett,Angela,22081,Hillside,Spring Field,New Cicily,Big Green,ONIONS,BLACK_OLIVES,GREEN_PEPPERS,SPINACH,JALAPENOS,SARDINES
2138865262239786477,November 16, 2015,Brett,Angela,22081,Hillside,Spring Field,New Cicily,Funky Medina,CHEESE,EXTRA_CHEESE,MUSHROOMS,ONIONS,SAUSAGE,BLACK_OLIVES,SARDINES
2138865262239786477,November 16, 2015,Brett,Angela,22081,Hillside,Spring Field,New Cicily,Stinky,CHEESE,ONIONS,EXTRA_CHEESE,GREEN_PEPPERS,JALAPENOS,SAUSAGE
2138865262239786478,November 16, 2015,John,Barbara,1487,Delaware,Spring Field,New Cicily,MEAT,CHEESE,PEPPERONI,SAUSAGE,BACON
2138865262239786478,November 16, 2015,John,Barbara,1487,Delaware,Spring Field,New Cicily,Big Green,ONIONS,BLACK_OLIVES,GREEN_PEPPERS,SPINACH,JALAPENOS,SARDINES
2138865262239786479,November 16, 2015,Wayne,Rebecca,11033,Highland,Spring Field,New Cicily,Funky Medina,CHEESE,EXTRA_CHEESE,MUSHROOMS,ONIONS,SAUSAGE,BLACK_OLIVES,SARDINES
2138865262239786479,November 16, 2015,Wayne,Rebecca,11033,Highland,Spring Field,New Cicily,MEAT,CHEESE,PEPPERONI,SAUSAGE,BACON
2138865262239786479,November 16, 2015,Wayne,Rebecca,11033,Highland,Spring Field,New Cicily,Funky Medina,CHEESE,EXTRA_CHEESE,MUSHROOMS,ONIONS,SAUSAGE,BLACK_OLIVES,SARDINES
2138865262239786480,November 16, 2015,Wayne,Kari,23240,Hillside,Spring Field,New Cicily,Big Green,ONIONS,BLACK_OLIVES,GREEN_PEPPERS,SPINACH,JALAPENOS,SARDINES
2138865262239786481,November 16, 2015,Glenn,Stephen,13255,Mountain View,Spring Field,New Cicily,MEAT,CHEESE,PEPPERONI,SAUSAGE,BACON
2138865262239786481,November 16, 2015,Glenn,Stephen,13255,Mountain View,Spring Field,New Cicily,Funky Medina,CHEESE,EXTRA_CHEESE,MUSHROOMS,ONIONS,SAUSAGE,BLACK_OLIVES,SARDINES
2138865262239786482,November 16, 2015,Martin,Janet,7099,West,Spring Field,New Cicily,Funky Medina,CHEESE,EXTRA_CHEESE,MUSHROOMS,ONIONS,SAUSAGE,BLACK_OLIVES,SARDINES
2138865262239786482,November 16, 2015,Martin,Janet,7099,West,Spring Field,New Cicily,Big Green,ONIONS,BLACK_OLIVES,GREEN_PEPPERS,SPINACH,JALAPENOS,SARDINES
2138865262239786482,November 16, 2015,Martin,Janet,7099,West,Spring Field,New Cicily,MEAT,CHEESE,PEPPERONI,SAUSAGE,BACON
2138865262239786483,November 16, 2015,John,Alejandro,23801,Thirteenth,Spring Field,New Cicily,MEAT,CHEESE,PEPPERONI,SAUSAGE,BACON
2138865262239786483,November 16, 2015,John,Alejandro,23801,Thirteenth,Spring Field,New Cicily,Spicy MEAT,CHEESE,PEPPERONI,SAUSAGE,BACON,JALAPENOS,JALAPENOS
2138865262239786483,November 16, 2015,John,Alejandro,23801,Thirteenth,Spring Field,New Cicily,MEAT,CHEESE,PEPPERONI,SAUSAGE,BACON
2138865262239786484,November 16, 2015,Vanessa,Heather,23242,Mountain View,Spring Field,New Cicily,Spicy MEAT,CHEESE,PEPPERONI,SAUSAGE,BACON,JALAPENOS,JALAPENOS
2138865262239786484,November 16, 2015,Vanessa,Heather,23242,Mountain View,Spring Field,New Cicily,Spicy MEAT,CHEESE,PEPPERONI,SAUSAGE,BACON,JALAPENOS,JALAPENOS
2138865262239786485,November 16, 2015,Ann,Juanita,20310,Redwood,Spring Field,New Cicily,Big Green,ONIONS,BLACK_OLIVES,GREEN_PEPPERS,SPINACH,JALAPENOS,SARDINES
2138865262239786486,November 16, 2015,Martin,Randy,7638,Ninth,Spring Field,New Cicily,Big Green,ONIONS,BLACK_OLIVES,GREEN_PEPPERS,SPINACH,JALAPENOS,SARDINES
2138865262239786487,November 16, 2015,Wayne,Abigail,15766,Hill,Spring Field,New Cicily,Funky Medina,CHEESE,EXTRA_CHEESE,MUSHROOMS,ONIONS,SAUSAGE,BLACK_OLIVES,SARDINES
2138865262239786487,November 16, 2015,Wayne,Abigail,15766,Hill,Spring Field,New Cicily,MEAT,CHEESE,PEPPERONI,SAUSAGE,BACON
2138865262239786487,November 16, 2015,Wayne,Abigail,15766,Hill,Spring Field,New Cicily,Funky Medina,CHEESE,EXTRA_CHEESE,MUSHROOMS,ONIONS,SAUSAGE,BLACK_OLIVES,SARDINES
2138865262239786488,November 16, 2015,Martin,Chelsea,21157,Narragansett,Spring Field,New Cicily,Big Green,ONIONS,BLACK_OLIVES,GREEN_PEPPERS,SPINACH,JALAPENOS,SARDINES
2138865262239786489,November 16, 2015,Martin,Janis,12226,Aloha,Spring Field,New Cicily,Funky Medina,CHEESE,EXTRA_CHEESE,MUSHROOMS,ONIONS,SAUSAGE,BLACK_OLIVES,SARDINES
2138865262239786489,November 16, 2015,Martin,Janis,12226,Aloha,Spring Field,New Cicily,Funky Medina,CHEESE,EXTRA_CHEESE,MUSHROOMS,ONIONS,SAUSAGE,BLACK_OLIVES,SARDINES
2138865262239786489,November 16, 2015,Martin,Janis,12226,Aloha,Spring Field,New Cicily,Funky Medina,CHEESE,EXTRA_CHEESE,MUSHROOMS,ONIONS,SAUSAGE,BLACK_OLIVES,SARDINES
2138865262239786490,November 16, 2015,Tommy,Anthony,16184,Delaware,Spring Field,New Cicily,Spicy MEAT,CHEESE,PEPPERONI,SAUSAGE,BACON,JALAPENOS,JALAPENOS
2138865262239786490,November 16, 2015,Tommy,Anthony,16184,Delaware,Spring Field,New Cicily,Stinky,CHEESE,ONIONS,EXTRA_CHEESE,GREEN_PEPPERS,JALAPENOS,SAUSAGE
2138865262239786491,November 16, 2015,Brett,Chris,19720,Palo Verde,Spring Field,New Cicily,MEAT,CHEESE,PEPPERONI,SAUSAGE,BACON
2138865262239786492,November 16, 2015,Wayne,Ian,27924,Birch,Spring Field,New Cicily,Funky Medina,CHEESE,EXTRA_CHEESE,MUSHROOMS,ONIONS,SAUSAGE,BLACK_OLIVES,SARDINES
2138865262239786492,November 16, 2015,Wayne,Ian,27924,Birch,Spring Field,New Cicily,Stinky,CHEESE,ONIONS,EXTRA_CHEESE,GREEN_PEPPERS,JALAPENOS,SAUSAGE
2138865262239786493,November 16, 2015,Brett,Ruth,74,Columbine,Spring Field,New Cicily,Stinky,CHEESE,ONIONS,EXTRA_CHEESE,GREEN_PEPPERS,JALAPENOS,SAUSAGE
2138865262239786493,November 16, 2015,Brett,Ruth,74,Columbine,Spring Field,New Cicily,Funky Medina,CHEESE,EXTRA_CHEESE,MUSHROOMS,ONIONS,SAUSAGE,BLACK_OLIVES,SARDINES
2138865262239786493,November 16, 2015,Brett,Ruth,74,Columbine,Spring Field,New Cicily,Big Green,ONIONS,BLACK_OLIVES,GREEN_PEPPERS,SPINACH,JALAPENOS,SARDINES
2138865262239786494,November 16, 2015,John,Bryan,4513,Hickory,Spring Field,New Cicily,Funky Medina,CHEESE,EXTRA_CHEESE,MUSHROOMS,ONIONS,SAUSAGE,BLACK_OLIVES,SARDINES
2138865262239786495,November 16, 2015,Tommy,Alan,28032,Pioneer,Spring Field,New Cicily,Stinky,CHEESE,ONIONS,EXTRA_CHEESE,GREEN_PEPPERS,JALAPENOS,SAUSAGE
2138865262239786495,November 16, 2015,Tommy,Alan,28032,Pioneer,Spring Field,New Cicily,MEAT,CHEESE,PEPPERONI,SAUSAGE,BACON
2138865262239786495,November 16, 2015,Tommy,Alan,28032,Pioneer,Spring Field,New Cicily,Big Green,ONIONS,BLACK_OLIVES,GREEN_PEPPERS,SPINACH,JALAPENOS,SARDINES
2138865262239786496,November 16, 2015,Tommy,Carol,9937,Smith,Spring Field,New Cicily,Big Green,ONIONS,BLACK_OLIVES,GREEN_PEPPERS,SPINACH,JALAPENOS,SARDINES
2138865262239786497,November 16, 2015,Tommy,Fernando,9218,S 100,Spring Field,New Cicily,MEAT,CHEESE,PEPPERONI,SAUSAGE,BACON
2138865262239786497,November 16, 2015,Tommy,Fernando,9218,S 100,Spring Field,New Cicily,MEAT,CHEESE,PEPPERONI,SAUSAGE,BACON
2138865262239786497,November 16, 2015,Tommy,Fernando,9218,S 100,Spring Field,New Cicily,Stinky,CHEESE,ONIONS,EXTRA_CHEESE,GREEN_PEPPERS,JALAPENOS,SAUSAGE
2138865262239786498,November 16, 2015,Wayne,Edward,28218,Pine,Spring Field,New Cicily,Spicy MEAT,CHEESE,PEPPERONI,SAUSAGE,BACON,JALAPENOS,JALAPENOS
2138865262239786498,November 16, 2015,Wayne,Edward,28218,Pine,Spring Field,New Cicily,Stinky,CHEESE,ONIONS,EXTRA_CHEESE,GREEN_PEPPERS,JALAPENOS,SAUSAGE
2138865262239786498,November 16, 2015,Wayne,Edward,28218,Pine,Spring Field,New Cicily,Spicy MEAT,CHEESE,PEPPERONI,SAUSAGE,BACON,JALAPENOS,JALAPENOS
2138865262239786499,November 16, 2015,Vanessa,Natasha,2930,Airport,Spring Field,New Cicily,MEAT,CHEESE,PEPPERONI,SAUSAGE,BACON
2138865262239786499,November 16, 2015,Vanessa,Natasha,2930,Airport,Spring Field,New Cicily,Big Green,ONIONS,BLACK_OLIVES,GREEN_PEPPERS,SPINACH,JALAPENOS,SARDINES
2138865262239786499,November 16, 2015,Vanessa,Natasha,2930,Airport,Spring Field,New Cicily,Funky Medina,CHEESE,EXTRA_CHEESE,MUSHROOMS,ONIONS,SAUSAGE,BLACK_OLIVES,SARDINES
2138865262239786500,November 16, 2015,Wayne,Russell,24591,County Line,Spring Field,New Cicily,MEAT,CHEESE,PEPPERONI,SAUSAGE,BACON
2138865262239786500,November 16, 2015,Wayne,Russell,24591,County Line,Spring Field,New Cicily,Big Green,ONIONS,BLACK_OLIVES,GREEN_PEPPERS,SPINACH,JALAPENOS,SARDINES
2138865262239786500,November 16, 2015,Wayne,Russell,24591,County Line,Spring Field,New Cicily,Big Green,ONIONS,BLACK_OLIVES,GREEN_PEPPERS,SPINACH,JALAPENOS,SARDINES
2138865262239786500,November 16, 2015,Wayne,Russell,24591,County Line,Spring Field,New Cicily,Big Green,ONIONS,BLACK_OLIVES,GREEN_PEPPERS,SPINACH,JALAPENOS,SARDINES
2138865262239786501,November 16, 2015,Tommy,Cindy,6745,Palo Verde,Spring Field,New Cicily,Big Green,ONIONS,BLACK_OLIVES,GREEN_PEPPERS,SPINACH,JALAPENOS,SARDINES
2138865262239786502,November 16, 2015,Glenn,Emily,17539,Jackson,Spring Field,New Cicily,Spicy MEAT,CHEESE,PEPPERONI,SAUSAGE,BACON,JALAPENOS,JALAPENOS
2138865262239786503,November 16, 2015,Martin,Edgar,21889,Narragansett,Spring Field,New Cicily,Spicy MEAT,CHEESE,PEPPERONI,SAUSAGE,BACON,JALAPENOS,JALAPENOS
2138865262239786503,November 16, 2015,Martin,Edgar,21889,Narragansett,Spring Field,New Cicily,Big Green,ONIONS,BLACK_OLIVES,GREEN_PEPPERS,SPINACH,JALAPENOS,SARDINES
2138865262239786503,November 16, 2015,Martin,Edgar,21889,Narragansett,Spring Field,New Cicily,Big Green,ONIONS,BLACK_OLIVES,GREEN_PEPPERS,SPINACH,JALAPENOS,SARDINES
2138865262239786504,November 16, 2015,Wayne,Whitney,13062,West,Spring Field,New Cicily,Big Green,ONIONS,BLACK_OLIVES,GREEN_PEPPERS,SPINACH,JALAPENOS,SARDINES
2138865262239786505,November 16, 2015,John,Mia,20445,Aloha,Spring Field,New Cicily,Spicy MEAT,CHEESE,PEPPERONI,SAUSAGE,BACON,JALAPENOS,JALAPENOS
2138865262239786506,November 16, 2015,Brett,Jesse,18771,Cherry,Spring Field,New Cicily,Funky Medina,CHEESE,EXTRA_CHEESE,MUSHROOMS,ONIONS,SAUSAGE,BLACK_OLIVES,SARDINES
2138865262239786506,November 16, 2015,Brett,Jesse,18771,Cherry,Spring Field,New Cicily,Big Green,ONIONS,BLACK_OLIVES,GREEN_PEPPERS,SPINACH,JALAPENOS,SARDINES
2138865262239786506,November 16, 2015,Brett,Jesse,18771,Cherry,Spring Field,New Cicily,MEAT,CHEESE,PEPPERONI,SAUSAGE,BACON
2138865262239786507,November 16, 2015,Vanessa,Jennifer,23436,Center,Spring Field,New Cicily,Spicy MEAT,CHEESE,PEPPERONI,SAUSAGE,BACON,JALAPENOS,JALAPENOS
2138865262239786507,November 16, 2015,Vanessa,Jennifer,23436,Center,Spring Field,New Cicily,MEAT,CHEESE,PEPPERONI,SAUSAGE,BACON
2138865262239786507,November 16, 2015,Vanessa,Jennifer,23436,Center,Spring Field,New Cicily,Spicy MEAT,CHEESE,PEPPERONI,SAUSAGE,BACON,JALAPENOS,JALAPENOS
2138865262239786507,November 16, 2015,Vanessa,Jennifer,23436,Center,Spring Field,New Cicily,Big Green,ONIONS,BLACK_OLIVES,GREEN_PEPPERS,SPINACH,JALAPENOS,SARDINES
2138865262239786508,November 16, 2015,Ann,Ashlee,8077,Pine,Spring Field,New Cicily,Spicy MEAT,CHEESE,PEPPERONI,SAUSAGE,BACON,JALAPENOS,JALAPENOS
2138865262239786508,November 16, 2015,Ann,Ashlee,8077,Pine,Spring Field,New Cicily,Stinky,CHEESE,ONIONS,EXTRA_CHEESE,GREEN_PEPPERS,JALAPENOS,SAUSAGE
2138865262239786509,November 16, 2015,Vanessa,April,3999,Hemlock,Spring Field,New Cicily,Funky Medina,CHEESE,EXTRA_CHEESE,MUSHROOMS,ONIONS,SAUSAGE,BLACK_OLIVES,SARDINES
2138865262239786509,November 16, 2015,Vanessa,April,3999,Hemlock,Spring Field,New Cicily,Funky Medina,CHEESE,EXTRA_CHEESE,MUSHROOMS,ONIONS,SAUSAGE,BLACK_OLIVES,SARDINES
2138865262239786510,November 16, 2015,John,Brian,18402,Mesquite,Spring Field,New Cicily,Spicy MEAT,CHEESE,PEPPERONI,SAUSAGE,BACON,JALAPENOS,JALAPENOS
2138865262239786510,November 16, 2015,John,Brian,18402,Mesquite,Spring Field,New Cicily,Spicy MEAT,CHEESE,PEPPERONI,SAUSAGE,BACON,JALAPENOS,JALAPENOS
2138865262239786510,November 16, 2015,John,Brian,18402,Mesquite,Spring Field,New Cicily,Funky Medina,CHEESE,EXTRA_CHEESE,MUSHROOMS,ONIONS,SAUSAGE,BLACK_OLIVES,SARDINES
2138865262239786511,November 16, 2015,Ann,Rachel,19525,Bay,Spring Field,New Cicily,Spicy MEAT,CHEESE,PEPPERONI,SAUSAGE,BACON,JALAPENOS,JALAPENOS
2138865262239786511,November 16, 2015,Ann,Rachel,19525,Bay,Spring Field,New Cicily,Funky Medina,CHEESE,EXTRA_CHEESE,MUSHROOMS,ONIONS,SAUSAGE,BLACK_OLIVES,SARDINES
2138865262239786511,November 16, 2015,Ann,Rachel,19525,Bay,Spring Field,New Cicily,Spicy MEAT,CHEESE,PEPPERONI,SAUSAGE,BACON,JALAPENOS,JALAPENOS
2138865262239786512,November 16, 2015,Martin,Chester,28542,Lee,Spring Field,New Cicily,Big Green,ONIONS,BLACK_OLIVES,GREEN_PEPPERS,SPINACH,JALAPENOS,SARDINES
2138865262239786512,November 16, 2015,Martin,Chester,28542,Lee,Spring Field,New Cicily,Funky Medina,CHEESE,EXTRA_CHEESE,MUSHROOMS,ONIONS,SAUSAGE,BLACK_OLIVES,SARDINES
2138865262239786513,November 16, 2015,Vanessa,April,12973,S 400,Spring Field,New Cicily,MEAT,CHEESE,PEPPERONI,SAUSAGE,BACON
2138865262239786514,November 16, 2015,John,Rachel,12541,Quail,Spring Field,New Cicily,Big Green,ONIONS,BLACK_OLIVES,GREEN_PEPPERS,SPINACH,JALAPENOS,SARDINES
2138865262239786515,November 16, 2015,Tommy,Jacob,21333,Mesquite,Spring Field,New Cicily,Spicy MEAT,CHEESE,PEPPERONI,SAUSAGE,BACON,JALAPENOS,JALAPENOS
2138865262239786515,November 16, 2015,Tommy,Jacob,21333,Mesquite,Spring Field,New Cicily,Stinky,CHEESE,ONIONS,EXTRA_CHEESE,GREEN_PEPPERS,JALAPENOS,SAUSAGE
2138865262239786516,November 16, 2015,Martin,Jasmine,1037,Cherry,Spring Field,New Cicily,Stinky,CHEESE,ONIONS,EXTRA_CHEESE,GREEN_PEPPERS,JALAPENOS,SAUSAGE
2138865262239786516,November 16, 2015,Martin,Jasmine,1037,Cherry,Spring Field,New Cicily,MEAT,CHEESE,PEPPERONI,SAUSAGE,BACON
2138865262239786517,November 16, 2015,Glenn,Veronica,5266,Palo Verde,Spring Field,New Cicily,Funky Medina,CHEESE,EXTRA_CHEESE,MUSHROOMS,ONIONS,SAUSAGE,BLACK_OLIVES,SARDINES
2138865262239786517,November 16, 2015,Glenn,Veronica,5266,Palo Verde,Spring Field,New Cicily,Spicy MEAT,CHEESE,PEPPERONI,SAUSAGE,BACON,JALAPENOS,JALAPENOS
2138865262239786517,November 16, 2015,Glenn,Veronica,5266,Palo Verde,Spring Field,New Cicily,Funky Medina,CHEESE,EXTRA_CHEESE,MUSHROOMS,ONIONS,SAUSAGE,BLACK_OLIVES,SARDINES
2138865262239786518,November 17, 2015,John,Cynthia,6004,Airport,Spring Field,New Cicily,Funky Medina,CHEESE,EXTRA_CHEESE,MUSHROOMS,ONIONS,SAUSAGE,BLACK_OLIVES,SARDINES
2138865262239786519,November 17, 2015,Ann,Kathleen,22946,Sixth,Spring Field,New Cicily,Stinky,CHEESE,ONIONS,EXTRA_CHEESE,GREEN_PEPPERS,JALAPENOS,SAUSAGE
2138865262239786520,November 17, 2015,Brett,Yesenia,22713,Kukui,Spring Field,New Cicily,MEAT,CHEESE,PEPPERONI,SAUSAGE,BACON
2138865262239786520,November 17, 2015,Brett,Yesenia,22713,Kukui,Spring Field,New Cicily,MEAT,CHEESE,PEPPERONI,SAUSAGE,BACON
2138865262239786521,November 17, 2015,Glenn,Darryl,5624,Spruce,Spring Field,New Cicily,Stinky,CHEESE,ONIONS,EXTRA_CHEESE,GREEN_PEPPERS,JALAPENOS,SAUSAGE
2138865262239786521,November 17, 2015,Glenn,Darryl,5624,Spruce,Spring Field,New Cicily,Stinky,CHEESE,ONIONS,EXTRA_CHEESE,GREEN_PEPPERS,JALAPENOS,SAUSAGE
2138865262239786522,November 17, 2015,Hector,Roberta,4607,Williams,Spring Field,New Cicily,Big Green,ONIONS,BLACK_OLIVES,GREEN_PEPPERS,SPINACH,JALAPENOS,SARDINES
2138865262239786522,November 17, 2015,Hector,Roberta,4607,Williams,Spring Field,New Cicily,Stinky,CHEESE,ONIONS,EXTRA_CHEESE,GREEN_PEPPERS,JALAPENOS,SAUSAGE
2138865262239786523,November 17, 2015,Wayne,Jill,1354,Delaware,Spring Field,New Cicily,MEAT,CHEESE,PEPPERONI,SAUSAGE,BACON
2138865262239786524,November 17, 2015,Hector,Jerome,27179,Birch,Spring Field,New Cicily,Big Green,ONIONS,BLACK_OLIVES,GREEN_PEPPERS,SPINACH,JALAPENOS,SARDINES
2138865262239786525,November 17, 2015,Tommy,Julia,18490,Cypress,Spring Field,New Cicily,MEAT,CHEESE,PEPPERONI,SAUSAGE,BACON
2138865262239786526,November 17, 2015,Hector,Jake,13883,Malulani,Spring Field,New Cicily,Spicy MEAT,CHEESE,PEPPERONI,SAUSAGE,BACON,JALAPENOS,JALAPENOS
2138865262239786526,November 17, 2015,Hector,Jake,13883,Malulani,Spring Field,New Cicily,Funky Medina,CHEESE,EXTRA_CHEESE,MUSHROOMS,ONIONS,SAUSAGE,BLACK_OLIVES,SARDINES
2138865262239786526,November 17, 2015,Hector,Jake,13883,Malulani,Spring Field,New Cicily,Funky Medina,CHEESE,EXTRA_CHEESE,MUSHROOMS,ONIONS,SAUSAGE,BLACK_OLIVES,SARDINES
2138865262239786527,November 17, 2015,Brett,Sammy,22036,Cherry,Spring Field,New Cicily,Funky Medina,CHEESE,EXTRA_CHEESE,MUSHROOMS,ONIONS,SAUSAGE,BLACK_OLIVES,SARDINES
2138865262239786527,November 17, 2015,Brett,Sammy,22036,Cherry,Spring Field,New Cicily,Stinky,CHEESE,ONIONS,EXTRA_CHEESE,GREEN_PEPPERS,JALAPENOS,SAUSAGE
2138865262239786528,November 17, 2015,Brett,Brian,9291,Pinon,Spring Field,New Cicily,Funky Medina,CHEESE,EXTRA_CHEESE,MUSHROOMS,ONIONS,SAUSAGE,BLACK_OLIVES,SARDINES
2138865262239786528,November 17, 2015,Brett,Brian,9291,Pinon,Spring Field,New Cicily,Stinky,CHEESE,ONIONS,EXTRA_CHEESE,GREEN_PEPPERS,JALAPENOS,SAUSAGE
2138865262239786529,November 17, 2015,Ann,Jeremy,15580,Holly,Spring Field,New Cicily,Funky Medina,CHEESE,EXTRA_CHEESE,MUSHROOMS,ONIONS,SAUSAGE,BLACK_OLIVES,SARDINES
2138865262239786529,November 17, 2015,Ann,Jeremy,15580,Holly,Spring Field,New Cicily,Stinky,CHEESE,ONIONS,EXTRA_CHEESE,GREEN_PEPPERS,JALAPENOS,SAUSAGE
2138865262239786530,November 17, 2015,Brett,Lee,22890,Lake,Spring Field,New Cicily,Big Green,ONIONS,BLACK_OLIVES,GREEN_PEPPERS,SPINACH,JALAPENOS,SARDINES
2138865262239786531,November 17, 2015,Wayne,Tiffany,19668,Wilson,Spring Field,New Cicily,Big Green,ONIONS,BLACK_OLIVES,GREEN_PEPPERS,SPINACH,JALAPENOS,SARDINES
2138865262239786531,November 17, 2015,Wayne,Tiffany,19668,Wilson,Spring Field,New Cicily,Funky Medina,CHEESE,EXTRA_CHEESE,MUSHROOMS,ONIONS,SAUSAGE,BLACK_OLIVES,SARDINES
2138865262239786532,November 17, 2015,Hector,Ronnie,4065,Canyon,Spring Field,New Cicily,Spicy MEAT,CHEESE,PEPPERONI,SAUSAGE,BACON,JALAPENOS,JALAPENOS
2138865262239786533,November 17, 2015,Tommy,Victor,16963,Bay,Spring Field,New Cicily,Stinky,CHEESE,ONIONS,EXTRA_CHEESE,GREEN_PEPPERS,JALAPENOS,SAUSAGE
2138865262239786533,November 17, 2015,Tommy,Victor,16963,Bay,Spring Field,New Cicily,Stinky,CHEESE,ONIONS,EXTRA_CHEESE,GREEN_PEPPERS,JALAPENOS,SAUSAGE
2138865262239786533,November 17, 2015,Tommy,Victor,16963,Bay,Spring Field,New Cicily,Funky Medina,CHEESE,EXTRA_CHEESE,MUSHROOMS,ONIONS,SAUSAGE,BLACK_OLIVES,SARDINES
2138865262239786533,November 17, 2015,Tommy,Victor,16963,Bay,Spring Field,New Cicily,Funky Medina,CHEESE,EXTRA_CHEESE,MUSHROOMS,ONIONS,SAUSAGE,BLACK_OLIVES,SARDINES
2138865262239786534,November 17, 2015,Tommy,Diana,26494,Ninth,Spring Field,New Cicily,Spicy MEAT,CHEESE,PEPPERONI,SAUSAGE,BACON,JALAPENOS,JALAPENOS
2138865262239786535,November 17, 2015,Ann,Brianna,8430,Pine,Spring Field,New Cicily,Big Green,ONIONS,BLACK_OLIVES,GREEN_PEPPERS,SPINACH,JALAPENOS,SARDINES
2138865262239786535,November 17, 2015,Ann,Brianna,8430,Pine,Spring Field,New Cicily,Spicy MEAT,CHEESE,PEPPERONI,SAUSAGE,BACON,JALAPENOS,JALAPENOS
2138865262239786535,November 17, 2015,Ann,Brianna,8430,Pine,Spring Field,New Cicily,Big Green,ONIONS,BLACK_OLIVES,GREEN_PEPPERS,SPINACH,JALAPENOS,SARDINES
2138865262239786536,November 17, 2015,Ann,Curtis,2358,Lehua,Spring Field,New Cicily,Big Green,ONIONS,BLACK_OLIVES,GREEN_PEPPERS,SPINACH,JALAPENOS,SARDINES
2138865262239786536,November 17, 2015,Ann,Curtis,2358,Lehua,Spring Field,New Cicily,MEAT,CHEESE,PEPPERONI,SAUSAGE,BACON
2138865262239786537,November 17, 2015,Hector,Jim,4086,Dogwood,Spring Field,New Cicily,Spicy MEAT,CHEESE,PEPPERONI,SAUSAGE,BACON,JALAPENOS,JALAPENOS
2138865262239786537,November 17, 2015,Hector,Jim,4086,Dogwood,Spring Field,New Cicily,Big Green,ONIONS,BLACK_OLIVES,GREEN_PEPPERS,SPINACH,JALAPENOS,SARDINES
2138865262239786537,November 17, 2015,Hector,Jim,4086,Dogwood,Spring Field,New Cicily,Big Green,ONIONS,BLACK_OLIVES,GREEN_PEPPERS,SPINACH,JALAPENOS,SARDINES
2138865262239786538,November 17, 2015,John,Marc,10572,Johnson,Spring Field,New Cicily,Big Green,ONIONS,BLACK_OLIVES,GREEN_PEPPERS,SPINACH,JALAPENOS,SARDINES
2138865262239786538,November 17, 2015,John,Marc,10572,Johnson,Spring Field,New Cicily,MEAT,CHEESE,PEPPERONI,SAUSAGE,BACON
2138865262239786538,November 17, 2015,John,Marc,10572,Johnson,Spring Field,New Cicily,Stinky,CHEESE,ONIONS,EXTRA_CHEESE,GREEN_PEPPERS,JALAPENOS,SAUSAGE
2138865262239786539,November 17, 2015,Ann,Stephen,12157,Lee,Spring Field,New Cicily,Stinky,CHEESE,ONIONS,EXTRA_CHEESE,GREEN_PEPPERS,JALAPENOS,SAUSAGE
2138865262239786539,November 17, 2015,Ann,Stephen,12157,Lee,Spring Field,New Cicily,Stinky,CHEESE,ONIONS,EXTRA_CHEESE,GREEN_PEPPERS,JALAPENOS,SAUSAGE
2138865262239786539,November 17, 2015,Ann,Stephen,12157,Lee,Spring Field,New Cicily,Stinky,CHEESE,ONIONS,EXTRA_CHEESE,GREEN_PEPPERS,JALAPENOS,SAUSAGE
2138865262239786540,November 17, 2015,Glenn,Gail,19646,Pinon,Spring Field,New Cicily,Stinky,CHEESE,ONIONS,EXTRA_CHEESE,GREEN_PEPPERS,JALAPENOS,SAUSAGE
2138865262239786540,November 17, 2015,Glenn,Gail,19646,Pinon,Spring Field,New Cicily,Funky Medina,CHEESE,EXTRA_CHEESE,MUSHROOMS,ONIONS,SAUSAGE,BLACK_OLIVES,SARDINES
2138865262239786540,November 17, 2015,Glenn,Gail,19646,Pinon,Spring Field,New Cicily,Stinky,CHEESE,ONIONS,EXTRA_CHEESE,GREEN_PEPPERS,JALAPENOS,SAUSAGE
2138865262239786541,November 17, 2015,Wayne,Hector,24873,Narragansett,Spring Field,New Cicily,Big Green,ONIONS,BLACK_OLIVES,GREEN_PEPPERS,SPINACH,JALAPENOS,SARDINES
2138865262239786542,November 17, 2015,John,Bryan,4668,Washington,Spring Field,New Cicily,Funky Medina,CHEESE,EXTRA_CHEESE,MUSHROOMS,ONIONS,SAUSAGE,BLACK_OLIVES,SARDINES
2138865262239786542,November 17, 2015,John,Bryan,4668,Washington,Spring Field,New Cicily,Funky Medina,CHEESE,EXTRA_CHEESE,MUSHROOMS,ONIONS,SAUSAGE,BLACK_OLIVES,SARDINES
2138865262239786543,November 17, 2015,Glenn,Henry,12930,Smith,Spring Field,New Cicily,Stinky,CHEESE,ONIONS,EXTRA_CHEESE,GREEN_PEPPERS,JALAPENOS,SAUSAGE
2138865262239786543,November 17, 2015,Glenn,Henry,12930,Smith,Spring Field,New Cicily,Spicy MEAT,CHEESE,PEPPERONI,SAUSAGE,BACON,JALAPENOS,JALAPENOS
2138865262239786543,November 17, 2015,Glenn,Henry,12930,Smith,Spring Field,New Cicily,Funky Medina,CHEESE,EXTRA_CHEESE,MUSHROOMS,ONIONS,SAUSAGE,BLACK_OLIVES,SARDINES
2138865262239786543,November 17, 2015,Glenn,Henry,12930,Smith,Spring Field,New Cicily,Stinky,CHEESE,ONIONS,EXTRA_CHEESE,GREEN_PEPPERS,JALAPENOS,SAUSAGE
2138865262239786544,November 17, 2015,Glenn,Anthony,13580,Second,Spring Field,New Cicily,MEAT,CHEESE,PEPPERONI,SAUSAGE,BACON
2138865262239786545,November 17, 2015,Wayne,Marilyn,6656,Park,Spring Field,New Cicily,MEAT,CHEESE,PEPPERONI,SAUSAGE,BACON
2138865262239786545,November 17, 2015,Wayne,Marilyn,6656,Park,Spring Field,New Cicily,MEAT,CHEESE,PEPPERONI,SAUSAGE,BACON
2138865262239786546,November 17, 2015,Vanessa,Andrea,17944,Sixth,Spring Field,New Cicily,Stinky,CHEESE,ONIONS,EXTRA_CHEESE,GREEN_PEPPERS,JALAPENOS,SAUSAGE
2138865262239786547,November 17, 2015,John,Freddie,16482,Ninth,Spring Field,New Cicily,Funky Medina,CHEESE,EXTRA_CHEESE,MUSHROOMS,ONIONS,SAUSAGE,BLACK_OLIVES,SARDINES
2138865262239786547,November 17, 2015,John,Freddie,16482,Ninth,Spring Field,New Cicily,Stinky,CHEESE,ONIONS,EXTRA_CHEESE,GREEN_PEPPERS,JALAPENOS,SAUSAGE
2138865262239786548,November 17, 2015,Glenn,Kyle,2307,Canyon,Spring Field,New Cicily,Funky Medina,CHEESE,EXTRA_CHEESE,MUSHROOMS,ONIONS,SAUSAGE,BLACK_OLIVES,SARDINES
2138865262239786548,November 17, 2015,Glenn,Kyle,2307,Canyon,Spring Field,New Cicily,Spicy MEAT,CHEESE,PEPPERONI,SAUSAGE,BACON,JALAPENOS,JALAPENOS
2138865262239786548,November 17, 2015,Glenn,Kyle,2307,Canyon,Spring Field,New Cicily,Big Green,ONIONS,BLACK_OLIVES,GREEN_PEPPERS,SPINACH,JALAPENOS,SARDINES
2138865262239786549,November 17, 2015,Vanessa,Cynthia,1231,Main,Spring Field,New Cicily,MEAT,CHEESE,PEPPERONI,SAUSAGE,BACON
2138865262239786549,November 17, 2015,Vanessa,Cynthia,1231,Main,Spring Field,New Cicily,Stinky,CHEESE,ONIONS,EXTRA_CHEESE,GREEN_PEPPERS,JALAPENOS,SAUSAGE
2138865262239786550,November 17, 2015,Brett,Walter,23699,Mesquite,Spring Field,New Cicily,Big Green,ONIONS,BLACK_OLIVES,GREEN_PEPPERS,SPINACH,JALAPENOS,SARDINES
2138865262239786550,November 17, 2015,Brett,Walter,23699,Mesquite,Spring Field,New Cicily,MEAT,CHEESE,PEPPERONI,SAUSAGE,BACON
2138865262239786550,November 17, 2015,Brett,Walter,23699,Mesquite,Spring Field,New Cicily,Funky Medina,CHEESE,EXTRA_CHEESE,MUSHROOMS,ONIONS,SAUSAGE,BLACK_OLIVES,SARDINES
2138865262239786551,November 17, 2015,Tommy,Tristan,6475,Holly,Spring Field,New Cicily,Spicy MEAT,CHEESE,PEPPERONI,SAUSAGE,BACON,JALAPENOS,JALAPENOS
2138865262239786551,November 17, 2015,Tommy,Tristan,6475,Holly,Spring Field,New Cicily,Stinky,CHEESE,ONIONS,EXTRA_CHEESE,GREEN_PEPPERS,JALAPENOS,SAUSAGE
2138865262239786552,November 17, 2015,Wayne,Arthur,20398,Eighth,Spring Field,New Cicily,Spicy MEAT,CHEESE,PEPPERONI,SAUSAGE,BACON,JALAPENOS,JALAPENOS
2138865262239786552,November 17, 2015,Wayne,Arthur,20398,Eighth,Spring Field,New Cicily,MEAT,CHEESE,PEPPERONI,SAUSAGE,BACON
2138865262239786552,November 17, 2015,Wayne,Arthur,20398,Eighth,Spring Field,New Cicily,Big Green,ONIONS,BLACK_OLIVES,GREEN_PEPPERS,SPINACH,JALAPENOS,SARDINES
2138865262239786552,November 17, 2015,Wayne,Arthur,20398,Eighth,Spring Field,New Cicily,Spicy MEAT,CHEESE,PEPPERONI,SAUSAGE,BACON,JALAPENOS,JALAPENOS
2138865262239786553,November 17, 2015,Vanessa,John,10973,Main,Spring Field,New Cicily,Funky Medina,CHEESE,EXTRA_CHEESE,MUSHROOMS,ONIONS,SAUSAGE,BLACK_OLIVES,SARDINES
2138865262239786553,November 17, 2015,Vanessa,John,10973,Main,Spring Field,New Cicily,Stinky,CHEESE,ONIONS,EXTRA_CHEESE,GREEN_PEPPERS,JALAPENOS,SAUSAGE
2138865262239786554,November 17, 2015,Ann,Richard,13561,Pleasant,Spring Field,New Cicily,Spicy MEAT,CHEESE,PEPPERONI,SAUSAGE,BACON,JALAPENOS,JALAPENOS
2138865262239786555,November 17, 2015,Hector,Jenna,26975,Canyon,Spring Field,New Cicily,Funky Medina,CHEESE,EXTRA_CHEESE,MUSHROOMS,ONIONS,SAUSAGE,BLACK_OLIVES,SARDINES
2138865262239786555,November 17, 2015,Hector,Jenna,26975,Canyon,Spring Field,New Cicily,Stinky,CHEESE,ONIONS,EXTRA_CHEESE,GREEN_PEPPERS,JALAPENOS,SAUSAGE
2138865262239786555,November 17, 2015,Hector,Jenna,26975,Canyon,Spring Field,New Cicily,Big Green,ONIONS,BLACK_OLIVES,GREEN_PEPPERS,SPINACH,JALAPENOS,SARDINES
2138865262239786556,November 17, 2015,Glenn,Connie,17874,Aspen,Spring Field,New Cicily,MEAT,CHEESE,PEPPERONI,SAUSAGE,BACON
2138865262239786556,November 17, 2015,Glenn,Connie,17874,Aspen,Spring Field,New Cicily,MEAT,CHEESE,PEPPERONI,SAUSAGE,BACON
2138865262239786556,November 17, 2015,Glenn,Connie,17874,Aspen,Spring Field,New Cicily,Big Green,ONIONS,BLACK_OLIVES,GREEN_PEPPERS,SPINACH,JALAPENOS,SARDINES
2138865262239786557,November 17, 2015,Glenn,Monica,26400,Sixth,Spring Field,New Cicily,Funky Medina,CHEESE,EXTRA_CHEESE,MUSHROOMS,ONIONS,SAUSAGE,BLACK_OLIVES,SARDINES
2138865262239786557,November 17, 2015,Glenn,Monica,26400,Sixth,Spring Field,New Cicily,Spicy MEAT,CHEESE,PEPPERONI,SAUSAGE,BACON,JALAPENOS,JALAPENOS
2138865262239786557,November 17, 2015,Glenn,Monica,26400,Sixth,Spring Field,New Cicily,MEAT,CHEESE,PEPPERONI,SAUSAGE,BACON
2138865262239786558,November 17, 2015,Ann,Keith,23909,County Line,Spring Field,New Cicily,Funky Medina,CHEESE,EXTRA_CHEESE,MUSHROOMS,ONIONS,SAUSAGE,BLACK_OLIVES,SARDINES
2138865262239786558,November 17, 2015,Ann,Keith,23909,County Line,Spring Field,New Cicily,Spicy MEAT,CHEESE,PEPPERONI,SAUSAGE,BACON,JALAPENOS,JALAPENOS
2138865262239786559,November 17, 2015,Glenn,Sydney,27724,Wood,Spring Field,New Cicily,Funky Medina,CHEESE,EXTRA_CHEESE,MUSHROOMS,ONIONS,SAUSAGE,BLACK_OLIVES,SARDINES
2138865262239786559,November 17, 2015,Glenn,Sydney,27724,Wood,Spring Field,New Cicily,Stinky,CHEESE,ONIONS,EXTRA_CHEESE,GREEN_PEPPERS,JALAPENOS,SAUSAGE
2138865262239786559,November 17, 2015,Glenn,Sydney,27724,Wood,Spring Field,New Cicily,Spicy MEAT,CHEESE,PEPPERONI,SAUSAGE,BACON,JALAPENOS,JALAPENOS
2138865262239786560,November 17, 2015,Tommy,Nancy,18326,Hill,Spring Field,New Cicily,Funky Medina,CHEESE,EXTRA_CHEESE,MUSHROOMS,ONIONS,SAUSAGE,BLACK_OLIVES,SARDINES
2138865262239786561,November 17, 2015,Vanessa,Michelle,29046,River,Spring Field,New Cicily,Big Green,ONIONS,BLACK_OLIVES,GREEN_PEPPERS,SPINACH,JALAPENOS,SARDINES
2138865262239786561,November 17, 2015,Vanessa,Michelle,29046,River,Spring Field,New Cicily,Spicy MEAT,CHEESE,PEPPERONI,SAUSAGE,BACON,JALAPENOS,JALAPENOS
2138865262239786562,November 17, 2015,Ann,Diana,21732,Sycamore,Spring Field,New Cicily,Stinky,CHEESE,ONIONS,EXTRA_CHEESE,GREEN_PEPPERS,JALAPENOS,SAUSAGE
2138865262239786562,November 17, 2015,Ann,Diana,21732,Sycamore,Spring Field,New Cicily,Stinky,CHEESE,ONIONS,EXTRA_CHEESE,GREEN_PEPPERS,JALAPENOS,SAUSAGE
2138865262239786562,November 17, 2015,Ann,Diana,21732,Sycamore,Spring Field,New Cicily,Funky Medina,CHEESE,EXTRA_CHEESE,MUSHROOMS,ONIONS,SAUSAGE,BLACK_OLIVES,SARDINES
2138865262239786563,November 17, 2015,Ann,Todd,23209,Jackson,Spring Field,New Cicily,Big Green,ONIONS,BLACK_OLIVES,GREEN_PEPPERS,SPINACH,JALAPENOS,SARDINES
2138865262239786563,November 17, 2015,Ann,Todd,23209,Jackson,Spring Field,New Cicily,MEAT,CHEESE,PEPPERONI,SAUSAGE,BACON
2138865262239786563,November 17, 2015,Ann,Todd,23209,Jackson,Spring Field,New Cicily,Funky Medina,CHEESE,EXTRA_CHEESE,MUSHROOMS,ONIONS,SAUSAGE,BLACK_OLIVES,SARDINES
2138865262239786564,November 17, 2015,John,Corey,22852,Elm,Spring Field,New Cicily,Spicy MEAT,CHEESE,PEPPERONI,SAUSAGE,BACON,JALAPENOS,JALAPENOS
2138865262239786564,November 17, 2015,John,Corey,22852,Elm,Spring Field,New Cicily,Spicy MEAT,CHEESE,PEPPERONI,SAUSAGE,BACON,JALAPENOS,JALAPENOS
2138865262239786565,November 17, 2015,Brett,Karen,28120,Hampton,Spring Field,New Cicily,Big Green,ONIONS,BLACK_OLIVES,GREEN_PEPPERS,SPINACH,JALAPENOS,SARDINES
2138865262239786565,November 17, 2015,Brett,Karen,28120,Hampton,Spring Field,New Cicily,Big Green,ONIONS,BLACK_OLIVES,GREEN_PEPPERS,SPINACH,JALAPENOS,SARDINES
2138865262239786566,November 17, 2015,Wayne,Frances,24740,Tenth,Spring Field,New Cicily,Stinky,CHEESE,ONIONS,EXTRA_CHEESE,GREEN_PEPPERS,JALAPENOS,SAUSAGE
2138865262239786566,November 17, 2015,Wayne,Frances,24740,Tenth,Spring Field,New Cicily,Big Green,ONIONS,BLACK_OLIVES,GREEN_PEPPERS,SPINACH,JALAPENOS,SARDINES
2138865262239786567,November 17, 2015,Ann,Vicki,4114,Meadow,Spring Field,New Cicily,Funky Medina,CHEESE,EXTRA_CHEESE,MUSHROOMS,ONIONS,SAUSAGE,BLACK_OLIVES,SARDINES
2138865262239786568,November 18, 2015,Hector,Diana,4714,S 100,Spring Field,New Cicily,MEAT,CHEESE,PEPPERONI,SAUSAGE,BACON
2138865262239786568,November 18, 2015,Hector,Diana,4714,S 100,Spring Field,New Cicily,Funky Medina,CHEESE,EXTRA_CHEESE,MUSHROOMS,ONIONS,SAUSAGE,BLACK_OLIVES,SARDINES
2138865262239786568,November 18, 2015,Hector,Diana,4714,S 100,Spring Field,New Cicily,Big Green,ONIONS,BLACK_OLIVES,GREEN_PEPPERS,SPINACH,JALAPENOS,SARDINES
2138865262239786568,November 18, 2015,Hector,Diana,4714,S 100,Spring Field,New Cicily,Big Green,ONIONS,BLACK_OLIVES,GREEN_PEPPERS,SPINACH,JALAPENOS,SARDINES
2138865262239786569,November 18, 2015,Wayne,Francis,25338,Church,Spring Field,New Cicily,MEAT,CHEESE,PEPPERONI,SAUSAGE,BACON
2138865262239786569,November 18, 2015,Wayne,Francis,25338,Church,Spring Field,New Cicily,Stinky,CHEESE,ONIONS,EXTRA_CHEESE,GREEN_PEPPERS,JALAPENOS,SAUSAGE
2138865262239786569,November 18, 2015,Wayne,Francis,25338,Church,Spring Field,New Cicily,Stinky,CHEESE,ONIONS,EXTRA_CHEESE,GREEN_PEPPERS,JALAPENOS,SAUSAGE
2138865262239786570,November 18, 2015,Vanessa,Lonnie,13522,Lake,Spring Field,New Cicily,Stinky,CHEESE,ONIONS,EXTRA_CHEESE,GREEN_PEPPERS,JALAPENOS,SAUSAGE
2138865262239786571,November 18, 2015,Vanessa,Alexander,16672,Kahili,Spring Field,New Cicily,Spicy MEAT,CHEESE,PEPPERONI,SAUSAGE,BACON,JALAPENOS,JALAPENOS
2138865262239786571,November 18, 2015,Vanessa,Alexander,16672,Kahili,Spring Field,New Cicily,Spicy MEAT,CHEESE,PEPPERONI,SAUSAGE,BACON,JALAPENOS,JALAPENOS
2138865262239786571,November 18, 2015,Vanessa,Alexander,16672,Kahili,Spring Field,New Cicily,MEAT,CHEESE,PEPPERONI,SAUSAGE,BACON
2138865262239786572,November 18, 2015,Wayne,Mackenzie,26134,West,Spring Field,New Cicily,Stinky,CHEESE,ONIONS,EXTRA_CHEESE,GREEN_PEPPERS,JALAPENOS,SAUSAGE
2138865262239786572,November 18, 2015,Wayne,Mackenzie,26134,West,Spring Field,New Cicily,Stinky,CHEESE,ONIONS,EXTRA_CHEESE,GREEN_PEPPERS,JALAPENOS,SAUSAGE
2138865262239786573,November 18, 2015,Ann,Krista,26662,Cypress,Spring Field,New Cicily,MEAT,CHEESE,PEPPERONI,SAUSAGE,BACON
2138865262239786573,November 18, 2015,Ann,Krista,26662,Cypress,Spring Field,New Cicily,Spicy MEAT,CHEESE,PEPPERONI,SAUSAGE,BACON,JALAPENOS,JALAPENOS
2138865262239786574,November 18, 2015,Brett,Ethan,16867,First,Spring Field,New Cicily,Big Green,ONIONS,BLACK_OLIVES,GREEN_PEPPERS,SPINACH,JALAPENOS,SARDINES
2138865262239786574,November 18, 2015,Brett,Ethan,16867,First,Spring Field,New Cicily,MEAT,CHEESE,PEPPERONI,SAUSAGE,BACON
2138865262239786575,November 18, 2015,Brett,Nicole,27929,Quail,Spring Field,New Cicily,Funky Medina,CHEESE,EXTRA_CHEESE,MUSHROOMS,ONIONS,SAUSAGE,BLACK_OLIVES,SARDINES
2138865262239786575,November 18, 2015,Brett,Nicole,27929,Quail,Spring Field,New Cicily,MEAT,CHEESE,PEPPERONI,SAUSAGE,BACON
2138865262239786575,November 18, 2015,Brett,Nicole,27929,Quail,Spring Field,New Cicily,MEAT,CHEESE,PEPPERONI,SAUSAGE,BACON
2138865262239786576,November 18, 2015,Wayne,Audrey,12230,Palo Verde,Spring Field,New Cicily,Stinky,CHEESE,ONIONS,EXTRA_CHEESE,GREEN_PEPPERS,JALAPENOS,SAUSAGE
2138865262239786576,November 18, 2015,Wayne,Audrey,12230,Palo Verde,Spring Field,New Cicily,Stinky,CHEESE,ONIONS,EXTRA_CHEESE,GREEN_PEPPERS,JALAPENOS,SAUSAGE
2138865262239786577,November 18, 2015,Ann,Gina,16296,Johnson,Spring Field,New Cicily,Stinky,CHEESE,ONIONS,EXTRA_CHEESE,GREEN_PEPPERS,JALAPENOS,SAUSAGE
2138865262239786577,November 18, 2015,Ann,Gina,16296,Johnson,Spring Field,New Cicily,MEAT,CHEESE,PEPPERONI,SAUSAGE,BACON
2138865262239786578,November 18, 2015,John,Kendra,23079,Washington,Spring Field,New Cicily,Funky Medina,CHEESE,EXTRA_CHEESE,MUSHROOMS,ONIONS,SAUSAGE,BLACK_OLIVES,SARDINES
2138865262239786578,November 18, 2015,John,Kendra,23079,Washington,Spring Field,New Cicily,MEAT,CHEESE,PEPPERONI,SAUSAGE,BACON
2138865262239786578,November 18, 2015,John,Kendra,23079,Washington,Spring Field,New Cicily,MEAT,CHEESE,PEPPERONI,SAUSAGE,BACON
2138865262239786578,November 18, 2015,John,Kendra,23079,Washington,Spring Field,New Cicily,Stinky,CHEESE,ONIONS,EXTRA_CHEESE,GREEN_PEPPERS,JALAPENOS,SAUSAGE
2138865262239786579,November 18, 2015,Glenn,Gerald,20381,Walnut,Spring Field,New Cicily,MEAT,CHEESE,PEPPERONI,SAUSAGE,BACON
2138865262239786579,November 18, 2015,Glenn,Gerald,20381,Walnut,Spring Field,New Cicily,Funky Medina,CHEESE,EXTRA_CHEESE,MUSHROOMS,ONIONS,SAUSAGE,BLACK_OLIVES,SARDINES
2138865262239786580,November 18, 2015,Hector,Irene,23686,Magnolia,Spring Field,New Cicily,MEAT,CHEESE,PEPPERONI,SAUSAGE,BACON
2138865262239786580,November 18, 2015,Hector,Irene,23686,Magnolia,Spring Field,New Cicily,Stinky,CHEESE,ONIONS,EXTRA_CHEESE,GREEN_PEPPERS,JALAPENOS,SAUSAGE
2138865262239786580,November 18, 2015,Hector,Irene,23686,Magnolia,Spring Field,New Cicily,Spicy MEAT,CHEESE,PEPPERONI,SAUSAGE,BACON,JALAPENOS,JALAPENOS
2138865262239786580,November 18, 2015,Hector,Irene,23686,Magnolia,Spring Field,New Cicily,Funky Medina,CHEESE,EXTRA_CHEESE,MUSHROOMS,ONIONS,SAUSAGE,BLACK_OLIVES,SARDINES
2138865262239786581,November 18, 2015,Wayne,Benjamin,24275,Pleasant,Spring Field,New Cicily,Big Green,ONIONS,BLACK_OLIVES,GREEN_PEPPERS,SPINACH,JALAPENOS,SARDINES
2138865262239786582,November 18, 2015,Hector,Jonathan,26523,Mesquite,Spring Field,New Cicily,Spicy MEAT,CHEESE,PEPPERONI,SAUSAGE,BACON,JALAPENOS,JALAPENOS
2138865262239786582,November 18, 2015,Hector,Jonathan,26523,Mesquite,Spring Field,New Cicily,Funky Medina,CHEESE,EXTRA_CHEESE,MUSHROOMS,ONIONS,SAUSAGE,BLACK_OLIVES,SARDINES
2138865262239786583,November 18, 2015,Ann,Catherine,7997,Sunset,Spring Field,New Cicily,Big Green,ONIONS,BLACK_OLIVES,GREEN_PEPPERS,SPINACH,JALAPENOS,SARDINES
2138865262239786584,November 18, 2015,Glenn,Kent,750,Fourth,Spring Field,New Cicily,Stinky,CHEESE,ONIONS,EXTRA_CHEESE,GREEN_PEPPERS,JALAPENOS,SAUSAGE
2138865262239786584,November 18, 2015,Glenn,Kent,750,Fourth,Spring Field,New Cicily,Funky Medina,CHEESE,EXTRA_CHEESE,MUSHROOMS,ONIONS,SAUSAGE,BLACK_OLIVES,SARDINES
2138865262239786585,November 18, 2015,Wayne,Lonnie,16409,Kukui,Spring Field,New Cicily,Funky Medina,CHEESE,EXTRA_CHEESE,MUSHROOMS,ONIONS,SAUSAGE,BLACK_OLIVES,SARDINES
2138865262239786586,November 18, 2015,Hector,Felicia,15466,Hill,Spring Field,New Cicily,Big Green,ONIONS,BLACK_OLIVES,GREEN_PEPPERS,SPINACH,JALAPENOS,SARDINES
2138865262239786586,November 18, 2015,Hector,Felicia,15466,Hill,Spring Field,New Cicily,Stinky,CHEESE,ONIONS,EXTRA_CHEESE,GREEN_PEPPERS,JALAPENOS,SAUSAGE
2138865262239786586,November 18, 2015,Hector,Felicia,15466,Hill,Spring Field,New Cicily,MEAT,CHEESE,PEPPERONI,SAUSAGE,BACON
2138865262239786586,November 18, 2015,Hector,Felicia,15466,Hill,Spring Field,New Cicily,Big Green,ONIONS,BLACK_OLIVES,GREEN_PEPPERS,SPINACH,JALAPENOS,SARDINES
2138865262239786587,November 18, 2015,Vanessa,Dawn,27871,Mountain View,Spring Field,New Cicily,Stinky,CHEESE,ONIONS,EXTRA_CHEESE,GREEN_PEPPERS,JALAPENOS,SAUSAGE
2138865262239786587,November 18, 2015,Vanessa,Dawn,27871,Mountain View,Spring Field,New Cicily,MEAT,CHEESE,PEPPERONI,SAUSAGE,BACON
2138865262239786588,November 18, 2015,Wayne,Karen,1483,Center,Spring Field,New Cicily,Spicy MEAT,CHEESE,PEPPERONI,SAUSAGE,BACON,JALAPENOS,JALAPENOS
2138865262239786588,November 18, 2015,Wayne,Karen,1483,Center,Spring Field,New Cicily,MEAT,CHEESE,PEPPERONI,SAUSAGE,BACON
2138865262239786588,November 18, 2015,Wayne,Karen,1483,Center,Spring Field,New Cicily,Spicy MEAT,CHEESE,PEPPERONI,SAUSAGE,BACON,JALAPENOS,JALAPENOS
2138865262239786588,November 18, 2015,Wayne,Karen,1483,Center,Spring Field,New Cicily,Spicy MEAT,CHEESE,PEPPERONI,SAUSAGE,BACON,JALAPENOS,JALAPENOS
2138865262239786589,November 18, 2015,Wayne,Brian,22159,Center,Spring Field,New Cicily,MEAT,CHEESE,PEPPERONI,SAUSAGE,BACON
2138865262239786589,November 18, 2015,Wayne,Brian,22159,Center,Spring Field,New Cicily,Stinky,CHEESE,ONIONS,EXTRA_CHEESE,GREEN_PEPPERS,JALAPENOS,SAUSAGE
2138865262239786590,November 18, 2015,Wayne,Debra,5560,Johnson,Spring Field,New Cicily,Stinky,CHEESE,ONIONS,EXTRA_CHEESE,GREEN_PEPPERS,JALAPENOS,SAUSAGE
2138865262239786590,November 18, 2015,Wayne,Debra,5560,Johnson,Spring Field,New Cicily,MEAT,CHEESE,PEPPERONI,SAUSAGE,BACON
2138865262239786590,November 18, 2015,Wayne,Debra,5560,Johnson,Spring Field,New Cicily,MEAT,CHEESE,PEPPERONI,SAUSAGE,BACON
2138865262239786591,November 18, 2015,John,Jessie,4786,Kansas,Spring Field,New Cicily,Stinky,CHEESE,ONIONS,EXTRA_CHEESE,GREEN_PEPPERS,JALAPENOS,SAUSAGE
2138865262239786591,November 18, 2015,John,Jessie,4786,Kansas,Spring Field,New Cicily,MEAT,CHEESE,PEPPERONI,SAUSAGE,BACON
2138865262239786592,November 18, 2015,Ann,Lois,2962,Cherry,Spring Field,New Cicily,MEAT,CHEESE,PEPPERONI,SAUSAGE,BACON
2138865262239786592,November 18, 2015,Ann,Lois,2962,Cherry,Spring Field,New Cicily,Stinky,CHEESE,ONIONS,EXTRA_CHEESE,GREEN_PEPPERS,JALAPENOS,SAUSAGE
2138865262239786593,November 18, 2015,Hector,Jenna,2482,Eleventh,Spring Field,New Cicily,Stinky,CHEESE,ONIONS,EXTRA_CHEESE,GREEN_PEPPERS,JALAPENOS,SAUSAGE
2138865262239786593,November 18, 2015,Hector,Jenna,2482,Eleventh,Spring Field,New Cicily,Funky Medina,CHEESE,EXTRA_CHEESE,MUSHROOMS,ONIONS,SAUSAGE,BLACK_OLIVES,SARDINES
2138865262239786594,November 18, 2015,Hector,Douglas,19756,Bay,Spring Field,New Cicily,Stinky,CHEESE,ONIONS,EXTRA_CHEESE,GREEN_PEPPERS,JALAPENOS,SAUSAGE
2138865262239786594,November 18, 2015,Hector,Douglas,19756,Bay,Spring Field,New Cicily,Funky Medina,CHEESE,EXTRA_CHEESE,MUSHROOMS,ONIONS,SAUSAGE,BLACK_OLIVES,SARDINES
2138865262239786595,November 18, 2015,Ann,Cassidy,6975,Ninth,Spring Field,New Cicily,MEAT,CHEESE,PEPPERONI,SAUSAGE,BACON
2138865262239786595,November 18, 2015,Ann,Cassidy,6975,Ninth,Spring Field,New Cicily,Spicy MEAT,CHEESE,PEPPERONI,SAUSAGE,BACON,JALAPENOS,JALAPENOS
2138865262239786595,November 18, 2015,Ann,Cassidy,6975,Ninth,Spring Field,New Cicily,Spicy MEAT,CHEESE,PEPPERONI,SAUSAGE,BACON,JALAPENOS,JALAPENOS
2138865262239786596,November 18, 2015,Wayne,Julia,11874,Twelfth,Spring Field,New Cicily,Big Green,ONIONS,BLACK_OLIVES,GREEN_PEPPERS,SPINACH,JALAPENOS,SARDINES
2138865262239786596,November 18, 2015,Wayne,Julia,11874,Twelfth,Spring Field,New Cicily,Funky Medina,CHEESE,EXTRA_CHEESE,MUSHROOMS,ONIONS,SAUSAGE,BLACK_OLIVES,SARDINES
2138865262239786597,November 18, 2015,Glenn,Darren,26419,Jackson,Spring Field,New Cicily,Spicy MEAT,CHEESE,PEPPERONI,SAUSAGE,BACON,JALAPENOS,JALAPENOS
2138865262239786598,November 18, 2015,John,Desiree,25320,Pleasant,Spring Field,New Cicily,MEAT,CHEESE,PEPPERONI,SAUSAGE,BACON
2138865262239786598,November 18, 2015,John,Desiree,25320,Pleasant,Spring Field,New Cicily,MEAT,CHEESE,PEPPERONI,SAUSAGE,BACON
2138865262239786599,November 18, 2015,Brett,Brittany,29203,Quail,Spring Field,New Cicily,Stinky,CHEESE,ONIONS,EXTRA_CHEESE,GREEN_PEPPERS,JALAPENOS,SAUSAGE
2138865262239786599,November 18, 2015,Brett,Brittany,29203,Quail,Spring Field,New Cicily,MEAT,CHEESE,PEPPERONI,SAUSAGE,BACON
2138865262239786599,November 18, 2015,Brett,Brittany,29203,Quail,Spring Field,New Cicily,Big Green,ONIONS,BLACK_OLIVES,GREEN_PEPPERS,SPINACH,JALAPENOS,SARDINES
2138865262239786600,November 18, 2015,Vanessa,Sandra,15620,Kahili,Spring Field,New Cicily,MEAT,CHEESE,PEPPERONI,SAUSAGE,BACON
2138865262239786600,November 18, 2015,Vanessa,Sandra,15620,Kahili,Spring Field,New Cicily,Stinky,CHEESE,ONIONS,EXTRA_CHEESE,GREEN_PEPPERS,JALAPENOS,SAUSAGE
2138865262239786601,November 18, 2015,John,Marcia,567,Ridge,Spring Field,New Cicily,Big Green,ONIONS,BLACK_OLIVES,GREEN_PEPPERS,SPINACH,JALAPENOS,SARDINES
2138865262239786601,November 18, 2015,John,Marcia,567,Ridge,Spring Field,New Cicily,Spicy MEAT,CHEESE,PEPPERONI,SAUSAGE,BACON,JALAPENOS,JALAPENOS
2138865262239786602,November 18, 2015,Brett,Cooper,8866,S 100,Spring Field,New Cicily,MEAT,CHEESE,PEPPERONI,SAUSAGE,BACON
2138865262239786602,November 18, 2015,Brett,Cooper,8866,S 100,Spring Field,New Cicily,Stinky,CHEESE,ONIONS,EXTRA_CHEESE,GREEN_PEPPERS,JALAPENOS,SAUSAGE
2138865262239786602,November 18, 2015,Brett,Cooper,8866,S 100,Spring Field,New Cicily,Big Green,ONIONS,BLACK_OLIVES,GREEN_PEPPERS,SPINACH,JALAPENOS,SARDINES
2138865262239786603,November 18, 2015,John,Michelle,688,Ninth,Spring Field,New Cicily,Funky Medina,CHEESE,EXTRA_CHEESE,MUSHROOMS,ONIONS,SAUSAGE,BLACK_OLIVES,SARDINES
2138865262239786603,November 18, 2015,John,Michelle,688,Ninth,Spring Field,New Cicily,MEAT,CHEESE,PEPPERONI,SAUSAGE,BACON
2138865262239786603,November 18, 2015,John,Michelle,688,Ninth,Spring Field,New Cicily,Funky Medina,CHEESE,EXTRA_CHEESE,MUSHROOMS,ONIONS,SAUSAGE,BLACK_OLIVES,SARDINES
2138865262239786604,November 18, 2015,Brett,Harriet,16660,Pleasant,Spring Field,New Cicily,Big Green,ONIONS,BLACK_OLIVES,GREEN_PEPPERS,SPINACH,JALAPENOS,SARDINES
2138865262239786604,November 18, 2015,Brett,Harriet,16660,Pleasant,Spring Field,New Cicily,Funky Medina,CHEESE,EXTRA_CHEESE,MUSHROOMS,ONIONS,SAUSAGE,BLACK_OLIVES,SARDINES
2138865262239786604,November 18, 2015,Brett,Harriet,16660,Pleasant,Spring Field,New Cicily,Big Green,ONIONS,BLACK_OLIVES,GREEN_PEPPERS,SPINACH,JALAPENOS,SARDINES
2138865262239786605,November 18, 2015,Brett,Veronica,5147,Hickory,Spring Field,New Cicily,MEAT,CHEESE,PEPPERONI,SAUSAGE,BACON
2138865262239786605,November 18, 2015,Brett,Veronica,5147,Hickory,Spring Field,New Cicily,MEAT,CHEESE,PEPPERONI,SAUSAGE,BACON
2138865262239786605,November 18, 2015,Brett,Veronica,5147,Hickory,Spring Field,New Cicily,Stinky,CHEESE,ONIONS,EXTRA_CHEESE,GREEN_PEPPERS,JALAPENOS,SAUSAGE
2138865262239786605,November 18, 2015,Brett,Veronica,5147,Hickory,Spring Field,New Cicily,Stinky,CHEESE,ONIONS,EXTRA_CHEESE,GREEN_PEPPERS,JALAPENOS,SAUSAGE
2138865262239786606,November 18, 2015,Wayne,Alyssa,15369,Willow,Spring Field,New Cicily,Spicy MEAT,CHEESE,PEPPERONI,SAUSAGE,BACON,JALAPENOS,JALAPENOS
2138865262239786606,November 18, 2015,Wayne,Alyssa,15369,Willow,Spring Field,New Cicily,Big Green,ONIONS,BLACK_OLIVES,GREEN_PEPPERS,SPINACH,JALAPENOS,SARDINES
2138865262239786607,November 18, 2015,Wayne,Lori,26647,Seventh,Spring Field,New Cicily,Spicy MEAT,CHEESE,PEPPERONI,SAUSAGE,BACON,JALAPENOS,JALAPENOS
2138865262239786608,November 18, 2015,Glenn,Gordon,2405,Pecan,Spring Field,New Cicily,Big Green,ONIONS,BLACK_OLIVES,GREEN_PEPPERS,SPINACH,JALAPENOS,SARDINES
2138865262239786609,November 19, 2015,Ann,Melinda,6123,Juniper,Spring Field,New Cicily,Stinky,CHEESE,ONIONS,EXTRA_CHEESE,GREEN_PEPPERS,JALAPENOS,SAUSAGE
2138865262239786609,November 19, 2015,Ann,Melinda,6123,Juniper,Spring Field,New Cicily,Funky Medina,CHEESE,EXTRA_CHEESE,MUSHROOMS,ONIONS,SAUSAGE,BLACK_OLIVES,SARDINES
2138865262239786610,November 19, 2015,Wayne,Stephanie,7637,Bay,Spring Field,New Cicily,MEAT,CHEESE,PEPPERONI,SAUSAGE,BACON
2138865262239786610,November 19, 2015,Wayne,Stephanie,7637,Bay,Spring Field,New Cicily,Funky Medina,CHEESE,EXTRA_CHEESE,MUSHROOMS,ONIONS,SAUSAGE,BLACK_OLIVES,SARDINES
2138865262239786610,November 19, 2015,Wayne,Stephanie,7637,Bay,Spring Field,New Cicily,Spicy MEAT,CHEESE,PEPPERONI,SAUSAGE,BACON,JALAPENOS,JALAPENOS
2138865262239786611,November 19, 2015,Wayne,Maryann,5346,Pecan,Spring Field,New Cicily,MEAT,CHEESE,PEPPERONI,SAUSAGE,BACON
2138865262239786611,November 19, 2015,Wayne,Maryann,5346,Pecan,Spring Field,New Cicily,Big Green,ONIONS,BLACK_OLIVES,GREEN_PEPPERS,SPINACH,JALAPENOS,SARDINES
2138865262239786612,November 19, 2015,Wayne,Christine,16196,Seventh,Spring Field,New Cicily,Spicy MEAT,CHEESE,PEPPERONI,SAUSAGE,BACON,JALAPENOS,JALAPENOS
2138865262239786612,November 19, 2015,Wayne,Christine,16196,Seventh,Spring Field,New Cicily,Big Green,ONIONS,BLACK_OLIVES,GREEN_PEPPERS,SPINACH,JALAPENOS,SARDINES
2138865262239786613,November 19, 2015,Ann,Bailey,7218,Hemlock,Spring Field,New Cicily,Spicy MEAT,CHEESE,PEPPERONI,SAUSAGE,BACON,JALAPENOS,JALAPENOS
2138865262239786613,November 19, 2015,Ann,Bailey,7218,Hemlock,Spring Field,New Cicily,Big Green,ONIONS,BLACK_OLIVES,GREEN_PEPPERS,SPINACH,JALAPENOS,SARDINES
2138865262239786613,November 19, 2015,Ann,Bailey,7218,Hemlock,Spring Field,New Cicily,Big Green,ONIONS,BLACK_OLIVES,GREEN_PEPPERS,SPINACH,JALAPENOS,SARDINES
2138865262239786613,November 19, 2015,Ann,Bailey,7218,Hemlock,Spring Field,New Cicily,Funky Medina,CHEESE,EXTRA_CHEESE,MUSHROOMS,ONIONS,SAUSAGE,BLACK_OLIVES,SARDINES
2138865262239786614,November 19, 2015,Wayne,Jon,6466,Malulani,Spring Field,New Cicily,Funky Medina,CHEESE,EXTRA_CHEESE,MUSHROOMS,ONIONS,SAUSAGE,BLACK_OLIVES,SARDINES
2138865262239786615,November 19, 2015,Brett,Dylan,20110,Redwood,Spring Field,New Cicily,Stinky,CHEESE,ONIONS,EXTRA_CHEESE,GREEN_PEPPERS,JALAPENOS,SAUSAGE
2138865262239786615,November 19, 2015,Brett,Dylan,20110,Redwood,Spring Field,New Cicily,Stinky,CHEESE,ONIONS,EXTRA_CHEESE,GREEN_PEPPERS,JALAPENOS,SAUSAGE
2138865262239786616,November 19, 2015,Glenn,Kelly,10512,West,Spring Field,New Cicily,Funky Medina,CHEESE,EXTRA_CHEESE,MUSHROOMS,ONIONS,SAUSAGE,BLACK_OLIVES,SARDINES
2138865262239786616,November 19, 2015,Glenn,Kelly,10512,West,Spring Field,New Cicily,Spicy MEAT,CHEESE,PEPPERONI,SAUSAGE,BACON,JALAPENOS,JALAPENOS
2138865262239786617,November 19, 2015,Glenn,Frances,10395,Main,Spring Field,New Cicily,Big Green,ONIONS,BLACK_OLIVES,GREEN_PEPPERS,SPINACH,JALAPENOS,SARDINES
2138865262239786617,November 19, 2015,Glenn,Frances,10395,Main,Spring Field,New Cicily,MEAT,CHEESE,PEPPERONI,SAUSAGE,BACON
2138865262239786617,November 19, 2015,Glenn,Frances,10395,Main,Spring Field,New Cicily,MEAT,CHEESE,PEPPERONI,SAUSAGE,BACON
2138865262239786617,November 19, 2015,Glenn,Frances,10395,Main,Spring Field,New Cicily,Big Green,ONIONS,BLACK_OLIVES,GREEN_PEPPERS,SPINACH,JALAPENOS,SARDINES
2138865262239786618,November 19, 2015,Wayne,Jeremy,26838,S 100,Spring Field,New Cicily,Big Green,ONIONS,BLACK_OLIVES,GREEN_PEPPERS,SPINACH,JALAPENOS,SARDINES
2138865262239786618,November 19, 2015,Wayne,Jeremy,26838,S 100,Spring Field,New Cicily,Funky Medina,CHEESE,EXTRA_CHEESE,MUSHROOMS,ONIONS,SAUSAGE,BLACK_OLIVES,SARDINES
2138865262239786619,November 19, 2015,Brett,Paul,5906,Second,Spring Field,New Cicily,Big Green,ONIONS,BLACK_OLIVES,GREEN_PEPPERS,SPINACH,JALAPENOS,SARDINES
2138865262239786620,November 19, 2015,John,Lauren,8309,Seventh,Spring Field,New Cicily,Spicy MEAT,CHEESE,PEPPERONI,SAUSAGE,BACON,JALAPENOS,JALAPENOS
2138865262239786620,November 19, 2015,John,Lauren,8309,Seventh,Spring Field,New Cicily,Stinky,CHEESE,ONIONS,EXTRA_CHEESE,GREEN_PEPPERS,JALAPENOS,SAUSAGE
2138865262239786621,November 19, 2015,Elijah,Kathleen,4400,Juniper,Spring Field,New Cicily,Funky Medina,CHEESE,EXTRA_CHEESE,MUSHROOMS,ONIONS,SAUSAGE,BLACK_OLIVES,SARDINES
2138865262239786621,November 19, 2015,Elijah,Kathleen,4400,Juniper,Spring Field,New Cicily,Big Green,ONIONS,BLACK_OLIVES,GREEN_PEPPERS,SPINACH,JALAPENOS,SARDINES
2138865262239786621,November 19, 2015,Elijah,Kathleen,4400,Juniper,Spring Field,New Cicily,Big Green,ONIONS,BLACK_OLIVES,GREEN_PEPPERS,SPINACH,JALAPENOS,SARDINES
2138865262239786622,November 19, 2015,Hector,Cory,25003,Spruce,Spring Field,New Cicily,MEAT,CHEESE,PEPPERONI,SAUSAGE,BACON
2138865262239786622,November 19, 2015,Hector,Cory,25003,Spruce,Spring Field,New Cicily,Stinky,CHEESE,ONIONS,EXTRA_CHEESE,GREEN_PEPPERS,JALAPENOS,SAUSAGE
2138865262239786623,November 19, 2015,Wayne,Michelle,21502,Walnut,Spring Field,New Cicily,Big Green,ONIONS,BLACK_OLIVES,GREEN_PEPPERS,SPINACH,JALAPENOS,SARDINES
2138865262239786623,November 19, 2015,Wayne,Michelle,21502,Walnut,Spring Field,New Cicily,Stinky,CHEESE,ONIONS,EXTRA_CHEESE,GREEN_PEPPERS,JALAPENOS,SAUSAGE
2138865262239786623,November 19, 2015,Wayne,Michelle,21502,Walnut,Spring Field,New Cicily,MEAT,CHEESE,PEPPERONI,SAUSAGE,BACON
2138865262239786623,November 19, 2015,Wayne,Michelle,21502,Walnut,Spring Field,New Cicily,Spicy MEAT,CHEESE,PEPPERONI,SAUSAGE,BACON,JALAPENOS,JALAPENOS
2138865262239786624,November 19, 2015,Elijah,Luke,12498,Apache,Spring Field,New Cicily,Big Green,ONIONS,BLACK_OLIVES,GREEN_PEPPERS,SPINACH,JALAPENOS,SARDINES
2138865262239786624,November 19, 2015,Elijah,Luke,12498,Apache,Spring Field,New Cicily,Stinky,CHEESE,ONIONS,EXTRA_CHEESE,GREEN_PEPPERS,JALAPENOS,SAUSAGE
2138865262239786625,November 19, 2015,Wayne,Kaylee,15826,Oak,Spring Field,New Cicily,Funky Medina,CHEESE,EXTRA_CHEESE,MUSHROOMS,ONIONS,SAUSAGE,BLACK_OLIVES,SARDINES
2138865262239786625,November 19, 2015,Wayne,Kaylee,15826,Oak,Spring Field,New Cicily,Big Green,ONIONS,BLACK_OLIVES,GREEN_PEPPERS,SPINACH,JALAPENOS,SARDINES
2138865262239786625,November 19, 2015,Wayne,Kaylee,15826,Oak,Spring Field,New Cicily,Spicy MEAT,CHEESE,PEPPERONI,SAUSAGE,BACON,JALAPENOS,JALAPENOS
2138865262239786625,November 19, 2015,Wayne,Kaylee,15826,Oak,Spring Field,New Cicily,Stinky,CHEESE,ONIONS,EXTRA_CHEESE,GREEN_PEPPERS,JALAPENOS,SAUSAGE
2138865262239786626,November 19, 2015,Elijah,Jon,667,Fourth,Spring Field,New Cicily,Spicy MEAT,CHEESE,PEPPERONI,SAUSAGE,BACON,JALAPENOS,JALAPENOS
2138865262239786626,November 19, 2015,Elijah,Jon,667,Fourth,Spring Field,New Cicily,MEAT,CHEESE,PEPPERONI,SAUSAGE,BACON
2138865262239786626,November 19, 2015,Elijah,Jon,667,Fourth,Spring Field,New Cicily,Spicy MEAT,CHEESE,PEPPERONI,SAUSAGE,BACON,JALAPENOS,JALAPENOS
2138865262239786626,November 19, 2015,Elijah,Jon,667,Fourth,Spring Field,New Cicily,Funky Medina,CHEESE,EXTRA_CHEESE,MUSHROOMS,ONIONS,SAUSAGE,BLACK_OLIVES,SARDINES
2138865262239786627,November 19, 2015,Wayne,Owen,10595,Kahili,Spring Field,New Cicily,Spicy MEAT,CHEESE,PEPPERONI,SAUSAGE,BACON,JALAPENOS,JALAPENOS
2138865262239786627,November 19, 2015,Wayne,Owen,10595,Kahili,Spring Field,New Cicily,MEAT,CHEESE,PEPPERONI,SAUSAGE,BACON
2138865262239786628,November 19, 2015,Elijah,Marianne,26743,Hemlock,Spring Field,New Cicily,Big Green,ONIONS,BLACK_OLIVES,GREEN_PEPPERS,SPINACH,JALAPENOS,SARDINES
2138865262239786628,November 19, 2015,Elijah,Marianne,26743,Hemlock,Spring Field,New Cicily,Spicy MEAT,CHEESE,PEPPERONI,SAUSAGE,BACON,JALAPENOS,JALAPENOS
2138865262239786628,November 19, 2015,Elijah,Marianne,26743,Hemlock,Spring Field,New Cicily,Stinky,CHEESE,ONIONS,EXTRA_CHEESE,GREEN_PEPPERS,JALAPENOS,SAUSAGE
2138865262239786629,November 19, 2015,Brett,Bobby,24948,Orchard,Spring Field,New Cicily,MEAT,CHEESE,PEPPERONI,SAUSAGE,BACON
2138865262239786629,November 19, 2015,Brett,Bobby,24948,Orchard,Spring Field,New Cicily,Stinky,CHEESE,ONIONS,EXTRA_CHEESE,GREEN_PEPPERS,JALAPENOS,SAUSAGE
2138865262239786629,November 19, 2015,Brett,Bobby,24948,Orchard,Spring Field,New Cicily,MEAT,CHEESE,PEPPERONI,SAUSAGE,BACON
2138865262239786630,November 19, 2015,Ann,Jonathan,10461,Airport,Spring Field,New Cicily,MEAT,CHEESE,PEPPERONI,SAUSAGE,BACON
2138865262239786630,November 19, 2015,Ann,Jonathan,10461,Airport,Spring Field,New Cicily,Spicy MEAT,CHEESE,PEPPERONI,SAUSAGE,BACON,JALAPENOS,JALAPENOS
2138865262239786631,November 19, 2015,Brett,Logan,27267,Airport,Spring Field,New Cicily,Stinky,CHEESE,ONIONS,EXTRA_CHEESE,GREEN_PEPPERS,JALAPENOS,SAUSAGE
2138865262239786631,November 19, 2015,Brett,Logan,27267,Airport,Spring Field,New Cicily,Big Green,ONIONS,BLACK_OLIVES,GREEN_PEPPERS,SPINACH,JALAPENOS,SARDINES
2138865262239786632,November 19, 2015,John,Julie,26606,Evergreen,Spring Field,New Cicily,Spicy MEAT,CHEESE,PEPPERONI,SAUSAGE,BACON,JALAPENOS,JALAPENOS
2138865262239786632,November 19, 2015,John,Julie,26606,Evergreen,Spring Field,New Cicily,Spicy MEAT,CHEESE,PEPPERONI,SAUSAGE,BACON,JALAPENOS,JALAPENOS
2138865262239786632,November 19, 2015,John,Julie,26606,Evergreen,Spring Field,New Cicily,Funky Medina,CHEESE,EXTRA_CHEESE,MUSHROOMS,ONIONS,SAUSAGE,BLACK_OLIVES,SARDINES
2138865262239786633,November 19, 2015,Brett,Mark,3892,Kahili,Spring Field,New Cicily,Funky Medina,CHEESE,EXTRA_CHEESE,MUSHROOMS,ONIONS,SAUSAGE,BLACK_OLIVES,SARDINES
2138865262239786633,November 19, 2015,Brett,Mark,3892,Kahili,Spring Field,New Cicily,MEAT,CHEESE,PEPPERONI,SAUSAGE,BACON
2138865262239786633,November 19, 2015,Brett,Mark,3892,Kahili,Spring Field,New Cicily,Big Green,ONIONS,BLACK_OLIVES,GREEN_PEPPERS,SPINACH,JALAPENOS,SARDINES
2138865262239786634,November 19, 2015,Elijah,Darryl,2597,Fourth,Spring Field,New Cicily,Big Green,ONIONS,BLACK_OLIVES,GREEN_PEPPERS,SPINACH,JALAPENOS,SARDINES
2138865262239786634,November 19, 2015,Elijah,Darryl,2597,Fourth,Spring Field,New Cicily,Stinky,CHEESE,ONIONS,EXTRA_CHEESE,GREEN_PEPPERS,JALAPENOS,SAUSAGE
2138865262239786635,November 19, 2015,Wayne,Mia,20445,Aloha,Spring Field,New Cicily,MEAT,CHEESE,PEPPERONI,SAUSAGE,BACON
2138865262239786636,November 19, 2015,Glenn,Sally,12124,Smith,Spring Field,New Cicily,Spicy MEAT,CHEESE,PEPPERONI,SAUSAGE,BACON,JALAPENOS,JALAPENOS
2138865262239786636,November 19, 2015,Glenn,Sally,12124,Smith,Spring Field,New Cicily,MEAT,CHEESE,PEPPERONI,SAUSAGE,BACON
2138865262239786637,November 19, 2015,Ann,Marianne,6010,Willow,Spring Field,New Cicily,Stinky,CHEESE,ONIONS,EXTRA_CHEESE,GREEN_PEPPERS,JALAPENOS,SAUSAGE
2138865262239786637,November 19, 2015,Ann,Marianne,6010,Willow,Spring Field,New Cicily,Funky Medina,CHEESE,EXTRA_CHEESE,MUSHROOMS,ONIONS,SAUSAGE,BLACK_OLIVES,SARDINES
2138865262239786637,November 19, 2015,Ann,Marianne,6010,Willow,Spring Field,New Cicily,Spicy MEAT,CHEESE,PEPPERONI,SAUSAGE,BACON,JALAPENOS,JALAPENOS
2138865262239786637,November 19, 2015,Ann,Marianne,6010,Willow,Spring Field,New Cicily,Stinky,CHEESE,ONIONS,EXTRA_CHEESE,GREEN_PEPPERS,JALAPENOS,SAUSAGE
2138865262239786638,November 19, 2015,Brett,Edwin,8779,Johnson,Spring Field,New Cicily,Stinky,CHEESE,ONIONS,EXTRA_CHEESE,GREEN_PEPPERS,JALAPENOS,SAUSAGE
2138865262239786638,November 19, 2015,Brett,Edwin,8779,Johnson,Spring Field,New Cicily,Spicy MEAT,CHEESE,PEPPERONI,SAUSAGE,BACON,JALAPENOS,JALAPENOS
2138865262239786638,November 19, 2015,Brett,Edwin,8779,Johnson,Spring Field,New Cicily,MEAT,CHEESE,PEPPERONI,SAUSAGE,BACON
2138865262239786639,November 19, 2015,Wayne,Elijah,28522,A,Spring Field,New Cicily,Stinky,CHEESE,ONIONS,EXTRA_CHEESE,GREEN_PEPPERS,JALAPENOS,SAUSAGE
2138865262239786639,November 19, 2015,Wayne,Elijah,28522,A,Spring Field,New Cicily,Funky Medina,CHEESE,EXTRA_CHEESE,MUSHROOMS,ONIONS,SAUSAGE,BLACK_OLIVES,SARDINES
2138865262239786639,November 19, 2015,Wayne,Elijah,28522,A,Spring Field,New Cicily,Big Green,ONIONS,BLACK_OLIVES,GREEN_PEPPERS,SPINACH,JALAPENOS,SARDINES
2138865262239786640,November 19, 2015,John,Laura,10275,Church,Spring Field,New Cicily,Big Green,ONIONS,BLACK_OLIVES,GREEN_PEPPERS,SPINACH,JALAPENOS,SARDINES
2138865262239786640,November 19, 2015,John,Laura,10275,Church,Spring Field,New Cicily,Funky Medina,CHEESE,EXTRA_CHEESE,MUSHROOMS,ONIONS,SAUSAGE,BLACK_OLIVES,SARDINES
2138865262239786641,November 19, 2015,Elijah,Frank,20209,Lehua,Spring Field,New Cicily,Funky Medina,CHEESE,EXTRA_CHEESE,MUSHROOMS,ONIONS,SAUSAGE,BLACK_OLIVES,SARDINES
2138865262239786641,November 19, 2015,Elijah,Frank,20209,Lehua,Spring Field,New Cicily,Funky Medina,CHEESE,EXTRA_CHEESE,MUSHROOMS,ONIONS,SAUSAGE,BLACK_OLIVES,SARDINES
2138865262239786641,November 19, 2015,Elijah,Frank,20209,Lehua,Spring Field,New Cicily,Big Green,ONIONS,BLACK_OLIVES,GREEN_PEPPERS,SPINACH,JALAPENOS,SARDINES
2138865262239786642,November 19, 2015,Glenn,Kathy,18589,Evergreen,Spring Field,New Cicily,Stinky,CHEESE,ONIONS,EXTRA_CHEESE,GREEN_PEPPERS,JALAPENOS,SAUSAGE
2138865262239786642,November 19, 2015,Glenn,Kathy,18589,Evergreen,Spring Field,New Cicily,Funky Medina,CHEESE,EXTRA_CHEESE,MUSHROOMS,ONIONS,SAUSAGE,BLACK_OLIVES,SARDINES
2138865262239786643,November 19, 2015,Elijah,Ronnie,14237,Evergreen,Spring Field,New Cicily,Funky Medina,CHEESE,EXTRA_CHEESE,MUSHROOMS,ONIONS,SAUSAGE,BLACK_OLIVES,SARDINES
2138865262239786644,November 19, 2015,Wayne,Betty,18599,Birch,Spring Field,New Cicily,MEAT,CHEESE,PEPPERONI,SAUSAGE,BACON
2138865262239786644,November 19, 2015,Wayne,Betty,18599,Birch,Spring Field,New Cicily,Spicy MEAT,CHEESE,PEPPERONI,SAUSAGE,BACON,JALAPENOS,JALAPENOS
2138865262239786644,November 19, 2015,Wayne,Betty,18599,Birch,Spring Field,New Cicily,Spicy MEAT,CHEESE,PEPPERONI,SAUSAGE,BACON,JALAPENOS,JALAPENOS
2138865262239786645,November 19, 2015,Wayne,Martha,4584,Center,Spring Field,New Cicily,Stinky,CHEESE,ONIONS,EXTRA_CHEESE,GREEN_PEPPERS,JALAPENOS,SAUSAGE
2138865262239786646,November 19, 2015,Wayne,Edwin,16702,Eighth,Spring Field,New Cicily,Big Green,ONIONS,BLACK_OLIVES,GREEN_PEPPERS,SPINACH,JALAPENOS,SARDINES
2138865262239786646,November 19, 2015,Wayne,Edwin,16702,Eighth,Spring Field,New Cicily,Stinky,CHEESE,ONIONS,EXTRA_CHEESE,GREEN_PEPPERS,JALAPENOS,SAUSAGE
2138865262239786647,November 19, 2015,Glenn,Reginald,17642,Redwood,Spring Field,New Cicily,Big Green,ONIONS,BLACK_OLIVES,GREEN_PEPPERS,SPINACH,JALAPENOS,SARDINES
2138865262239786648,November 19, 2015,Ann,Kimberly,12101,Holly,Spring Field,New Cicily,Stinky,CHEESE,ONIONS,EXTRA_CHEESE,GREEN_PEPPERS,JALAPENOS,SAUSAGE
2138865262239786648,November 19, 2015,Ann,Kimberly,12101,Holly,Spring Field,New Cicily,Spicy MEAT,CHEESE,PEPPERONI,SAUSAGE,BACON,JALAPENOS,JALAPENOS
2138865262239786649,November 20, 2015,Wayne,Stacey,21602,North,Spring Field,New Cicily,MEAT,CHEESE,PEPPERONI,SAUSAGE,BACON
2138865262239786649,November 20, 2015,Wayne,Stacey,21602,North,Spring Field,New Cicily,Spicy MEAT,CHEESE,PEPPERONI,SAUSAGE,BACON,JALAPENOS,JALAPENOS
2138865262239786649,November 20, 2015,Wayne,Stacey,21602,North,Spring Field,New Cicily,Spicy MEAT,CHEESE,PEPPERONI,SAUSAGE,BACON,JALAPENOS,JALAPENOS
2138865262239786650,November 20, 2015,Wayne,Harold,7506,Narragansett,Spring Field,New Cicily,Stinky,CHEESE,ONIONS,EXTRA_CHEESE,GREEN_PEPPERS,JALAPENOS,SAUSAGE
2138865262239786650,November 20, 2015,Wayne,Harold,7506,Narragansett,Spring Field,New Cicily,Big Green,ONIONS,BLACK_OLIVES,GREEN_PEPPERS,SPINACH,JALAPENOS,SARDINES
2138865262239786651,November 20, 2015,Hector,Christina,608,S 100,Spring Field,New Cicily,Stinky,CHEESE,ONIONS,EXTRA_CHEESE,GREEN_PEPPERS,JALAPENOS,SAUSAGE
2138865262239786651,November 20, 2015,Hector,Christina,608,S 100,Spring Field,New Cicily,MEAT,CHEESE,PEPPERONI,SAUSAGE,BACON
2138865262239786652,November 20, 2015,John,Carolyn,15154,Malulani,Spring Field,New Cicily,MEAT,CHEESE,PEPPERONI,SAUSAGE,BACON
2138865262239786652,November 20, 2015,John,Carolyn,15154,Malulani,Spring Field,New Cicily,Big Green,ONIONS,BLACK_OLIVES,GREEN_PEPPERS,SPINACH,JALAPENOS,SARDINES
2138865262239786653,November 20, 2015,Wayne,Wanda,29097,Walnut,Spring Field,New Cicily,Funky Medina,CHEESE,EXTRA_CHEESE,MUSHROOMS,ONIONS,SAUSAGE,BLACK_OLIVES,SARDINES
2138865262239786654,November 20, 2015,Molly,Shannon,10758,Johnson,Spring Field,New Cicily,Stinky,CHEESE,ONIONS,EXTRA_CHEESE,GREEN_PEPPERS,JALAPENOS,SAUSAGE
2138865262239786655,November 20, 2015,Elijah,Henry,8384,S 100,Spring Field,New Cicily,Big Green,ONIONS,BLACK_OLIVES,GREEN_PEPPERS,SPINACH,JALAPENOS,SARDINES
2138865262239786655,November 20, 2015,Elijah,Henry,8384,S 100,Spring Field,New Cicily,MEAT,CHEESE,PEPPERONI,SAUSAGE,BACON
2138865262239786656,November 20, 2015,Ann,Kayla,6155,Aspen,Spring Field,New Cicily,Spicy MEAT,CHEESE,PEPPERONI,SAUSAGE,BACON,JALAPENOS,JALAPENOS
2138865262239786656,November 20, 2015,Ann,Kayla,6155,Aspen,Spring Field,New Cicily,Big Green,ONIONS,BLACK_OLIVES,GREEN_PEPPERS,SPINACH,JALAPENOS,SARDINES
2138865262239786656,November 20, 2015,Ann,Kayla,6155,Aspen,Spring Field,New Cicily,Big Green,ONIONS,BLACK_OLIVES,GREEN_PEPPERS,SPINACH,JALAPENOS,SARDINES
2138865262239786657,November 20, 2015,Brett,Kaitlyn,11109,Magnolia,Spring Field,New Cicily,Funky Medina,CHEESE,EXTRA_CHEESE,MUSHROOMS,ONIONS,SAUSAGE,BLACK_OLIVES,SARDINES
2138865262239786658,November 20, 2015,Wayne,Teresa,1031,A,Spring Field,New Cicily,MEAT,CHEESE,PEPPERONI,SAUSAGE,BACON
2138865262239786658,November 20, 2015,Wayne,Teresa,1031,A,Spring Field,New Cicily,Spicy MEAT,CHEESE,PEPPERONI,SAUSAGE,BACON,JALAPENOS,JALAPENOS
2138865262239786658,November 20, 2015,Wayne,Teresa,1031,A,Spring Field,New Cicily,MEAT,CHEESE,PEPPERONI,SAUSAGE,BACON
2138865262239786659,November 20, 2015,Ann,Malachi,23637,Delaware,Spring Field,New Cicily,Stinky,CHEESE,ONIONS,EXTRA_CHEESE,GREEN_PEPPERS,JALAPENOS,SAUSAGE
2138865262239786660,November 20, 2015,Ann,Stanley,19061,Hill,Spring Field,New Cicily,MEAT,CHEESE,PEPPERONI,SAUSAGE,BACON
2138865262239786660,November 20, 2015,Ann,Stanley,19061,Hill,Spring Field,New Cicily,Spicy MEAT,CHEESE,PEPPERONI,SAUSAGE,BACON,JALAPENOS,JALAPENOS
2138865262239786660,November 20, 2015,Ann,Stanley,19061,Hill,Spring Field,New Cicily,Stinky,CHEESE,ONIONS,EXTRA_CHEESE,GREEN_PEPPERS,JALAPENOS,SAUSAGE
2138865262239786660,November 20, 2015,Ann,Stanley,19061,Hill,Spring Field,New Cicily,MEAT,CHEESE,PEPPERONI,SAUSAGE,BACON
2138865262239786661,November 20, 2015,Hector,Jorge,24365,Kansas,Spring Field,New Cicily,MEAT,CHEESE,PEPPERONI,SAUSAGE,BACON
2138865262239786662,November 20, 2015,Wayne,Tommy,26723,First,Spring Field,New Cicily,Stinky,CHEESE,ONIONS,EXTRA_CHEESE,GREEN_PEPPERS,JALAPENOS,SAUSAGE
2138865262239786663,November 20, 2015,Wayne,Mary,8927,A,Spring Field,New Cicily,Funky Medina,CHEESE,EXTRA_CHEESE,MUSHROOMS,ONIONS,SAUSAGE,BLACK_OLIVES,SARDINES
2138865262239786663,November 20, 2015,Wayne,Mary,8927,A,Spring Field,New Cicily,MEAT,CHEESE,PEPPERONI,SAUSAGE,BACON
2138865262239786664,November 20, 2015,Hector,Darin,26327,River,Spring Field,New Cicily,Funky Medina,CHEESE,EXTRA_CHEESE,MUSHROOMS,ONIONS,SAUSAGE,BLACK_OLIVES,SARDINES
2138865262239786664,November 20, 2015,Hector,Darin,26327,River,Spring Field,New Cicily,Spicy MEAT,CHEESE,PEPPERONI,SAUSAGE,BACON,JALAPENOS,JALAPENOS
2138865262239786665,November 20, 2015,Elijah,Allen,29101,Sixth,Spring Field,New Cicily,Funky Medina,CHEESE,EXTRA_CHEESE,MUSHROOMS,ONIONS,SAUSAGE,BLACK_OLIVES,SARDINES
2138865262239786665,November 20, 2015,Elijah,Allen,29101,Sixth,Spring Field,New Cicily,Funky Medina,CHEESE,EXTRA_CHEESE,MUSHROOMS,ONIONS,SAUSAGE,BLACK_OLIVES,SARDINES
2138865262239786665,November 20, 2015,Elijah,Allen,29101,Sixth,Spring Field,New Cicily,MEAT,CHEESE,PEPPERONI,SAUSAGE,BACON
2138865262239786665,November 20, 2015,Elijah,Allen,29101,Sixth,Spring Field,New Cicily,Spicy MEAT,CHEESE,PEPPERONI,SAUSAGE,BACON,JALAPENOS,JALAPENOS
2138865262239786666,November 20, 2015,Molly,Amy,14762,Quail,Spring Field,New Cicily,Spicy MEAT,CHEESE,PEPPERONI,SAUSAGE,BACON,JALAPENOS,JALAPENOS
2138865262239786666,November 20, 2015,Molly,Amy,14762,Quail,Spring Field,New Cicily,Big Green,ONIONS,BLACK_OLIVES,GREEN_PEPPERS,SPINACH,JALAPENOS,SARDINES
2138865262239786666,November 20, 2015,Molly,Amy,14762,Quail,Spring Field,New Cicily,Big Green,ONIONS,BLACK_OLIVES,GREEN_PEPPERS,SPINACH,JALAPENOS,SARDINES
2138865262239786667,November 20, 2015,Elijah,Jonathan,17855,Narragansett,Spring Field,New Cicily,Big Green,ONIONS,BLACK_OLIVES,GREEN_PEPPERS,SPINACH,JALAPENOS,SARDINES
2138865262239786667,November 20, 2015,Elijah,Jonathan,17855,Narragansett,Spring Field,New Cicily,MEAT,CHEESE,PEPPERONI,SAUSAGE,BACON
2138865262239786668,November 20, 2015,Molly,Andres,3338,Juniper,Spring Field,New Cicily,Big Green,ONIONS,BLACK_OLIVES,GREEN_PEPPERS,SPINACH,JALAPENOS,SARDINES
2138865262239786669,November 20, 2015,Wayne,Alexis,14562,Third,Spring Field,New Cicily,Funky Medina,CHEESE,EXTRA_CHEESE,MUSHROOMS,ONIONS,SAUSAGE,BLACK_OLIVES,SARDINES
2138865262239786670,November 20, 2015,Brett,Christian,7055,Mesquite,Spring Field,New Cicily,Stinky,CHEESE,ONIONS,EXTRA_CHEESE,GREEN_PEPPERS,JALAPENOS,SAUSAGE
2138865262239786670,November 20, 2015,Brett,Christian,7055,Mesquite,Spring Field,New Cicily,Funky Medina,CHEESE,EXTRA_CHEESE,MUSHROOMS,ONIONS,SAUSAGE,BLACK_OLIVES,SARDINES
2138865262239786670,November 20, 2015,Brett,Christian,7055,Mesquite,Spring Field,New Cicily,MEAT,CHEESE,PEPPERONI,SAUSAGE,BACON
2138865262239786670,November 20, 2015,Brett,Christian,7055,Mesquite,Spring Field,New Cicily,MEAT,CHEESE,PEPPERONI,SAUSAGE,BACON
2138865262239786671,November 20, 2015,Hector,Mary,26160,Thirteenth,Spring Field,New Cicily,Spicy MEAT,CHEESE,PEPPERONI,SAUSAGE,BACON,JALAPENOS,JALAPENOS
2138865262239786671,November 20, 2015,Hector,Mary,26160,Thirteenth,Spring Field,New Cicily,MEAT,CHEESE,PEPPERONI,SAUSAGE,BACON
2138865262239786671,November 20, 2015,Hector,Mary,26160,Thirteenth,Spring Field,New Cicily,Spicy MEAT,CHEESE,PEPPERONI,SAUSAGE,BACON,JALAPENOS,JALAPENOS
2138865262239786671,November 20, 2015,Hector,Mary,26160,Thirteenth,Spring Field,New Cicily,Big Green,ONIONS,BLACK_OLIVES,GREEN_PEPPERS,SPINACH,JALAPENOS,SARDINES
2138865262239786672,November 20, 2015,Elijah,Julie,8054,Canyon,Spring Field,New Cicily,Big Green,ONIONS,BLACK_OLIVES,GREEN_PEPPERS,SPINACH,JALAPENOS,SARDINES
2138865262239786672,November 20, 2015,Elijah,Julie,8054,Canyon,Spring Field,New Cicily,Big Green,ONIONS,BLACK_OLIVES,GREEN_PEPPERS,SPINACH,JALAPENOS,SARDINES
2138865262239786673,November 20, 2015,Elijah,Martin,20060,Thirteenth,Spring Field,New Cicily,Stinky,CHEESE,ONIONS,EXTRA_CHEESE,GREEN_PEPPERS,JALAPENOS,SAUSAGE
2138865262239786674,November 20, 2015,Ann,Isaac,29151,Pioneer,Spring Field,New Cicily,Big Green,ONIONS,BLACK_OLIVES,GREEN_PEPPERS,SPINACH,JALAPENOS,SARDINES
2138865262239786675,November 20, 2015,Hector,Donald,22128,Jackson,Spring Field,New Cicily,MEAT,CHEESE,PEPPERONI,SAUSAGE,BACON
2138865262239786675,November 20, 2015,Hector,Donald,22128,Jackson,Spring Field,New Cicily,Stinky,CHEESE,ONIONS,EXTRA_CHEESE,GREEN_PEPPERS,JALAPENOS,SAUSAGE
2138865262239786675,November 20, 2015,Hector,Donald,22128,Jackson,Spring Field,New Cicily,Spicy MEAT,CHEESE,PEPPERONI,SAUSAGE,BACON,JALAPENOS,JALAPENOS
2138865262239786676,November 20, 2015,Hector,Glenda,27318,Ninth,Spring Field,New Cicily,Stinky,CHEESE,ONIONS,EXTRA_CHEESE,GREEN_PEPPERS,JALAPENOS,SAUSAGE
2138865262239786677,November 20, 2015,Ann,Joel,993,Third,Spring Field,New Cicily,Funky Medina,CHEESE,EXTRA_CHEESE,MUSHROOMS,ONIONS,SAUSAGE,BLACK_OLIVES,SARDINES
2138865262239786677,November 20, 2015,Ann,Joel,993,Third,Spring Field,New Cicily,MEAT,CHEESE,PEPPERONI,SAUSAGE,BACON
2138865262239786677,November 20, 2015,Ann,Joel,993,Third,Spring Field,New Cicily,Funky Medina,CHEESE,EXTRA_CHEESE,MUSHROOMS,ONIONS,SAUSAGE,BLACK_OLIVES,SARDINES
2138865262239786678,November 20, 2015,Hector,Nancy,5530,Thirteenth,Spring Field,New Cicily,Big Green,ONIONS,BLACK_OLIVES,GREEN_PEPPERS,SPINACH,JALAPENOS,SARDINES
2138865262239786678,November 20, 2015,Hector,Nancy,5530,Thirteenth,Spring Field,New Cicily,Spicy MEAT,CHEESE,PEPPERONI,SAUSAGE,BACON,JALAPENOS,JALAPENOS
2138865262239786679,November 20, 2015,John,Donald,24959,Maple,Spring Field,New Cicily,Stinky,CHEESE,ONIONS,EXTRA_CHEESE,GREEN_PEPPERS,JALAPENOS,SAUSAGE
2138865262239786679,November 20, 2015,John,Donald,24959,Maple,Spring Field,New Cicily,Spicy MEAT,CHEESE,PEPPERONI,SAUSAGE,BACON,JALAPENOS,JALAPENOS
2138865262239786680,November 20, 2015,Brett,Roger,4874,Willow,Spring Field,New Cicily,Spicy MEAT,CHEESE,PEPPERONI,SAUSAGE,BACON,JALAPENOS,JALAPENOS
2138865262239786680,November 20, 2015,Brett,Roger,4874,Willow,Spring Field,New Cicily,Spicy MEAT,CHEESE,PEPPERONI,SAUSAGE,BACON,JALAPENOS,JALAPENOS
2138865262239786681,November 20, 2015,John,Jordan,411,Eleventh,Spring Field,New Cicily,Big Green,ONIONS,BLACK_OLIVES,GREEN_PEPPERS,SPINACH,JALAPENOS,SARDINES
2138865262239786681,November 20, 2015,John,Jordan,411,Eleventh,Spring Field,New Cicily,Spicy MEAT,CHEESE,PEPPERONI,SAUSAGE,BACON,JALAPENOS,JALAPENOS
2138865262239786682,November 20, 2015,John,Gabriela,17361,Fourth,Spring Field,New Cicily,Funky Medina,CHEESE,EXTRA_CHEESE,MUSHROOMS,ONIONS,SAUSAGE,BLACK_OLIVES,SARDINES
2138865262239786682,November 20, 2015,John,Gabriela,17361,Fourth,Spring Field,New Cicily,MEAT,CHEESE,PEPPERONI,SAUSAGE,BACON
2138865262239786682,November 20, 2015,John,Gabriela,17361,Fourth,Spring Field,New Cicily,Big Green,ONIONS,BLACK_OLIVES,GREEN_PEPPERS,SPINACH,JALAPENOS,SARDINES
2138865262239786683,November 20, 2015,Hector,Ralph,12721,Spruce,Spring Field,New Cicily,MEAT,CHEESE,PEPPERONI,SAUSAGE,BACON
2138865262239786683,November 20, 2015,Hector,Ralph,12721,Spruce,Spring Field,New Cicily,Stinky,CHEESE,ONIONS,EXTRA_CHEESE,GREEN_PEPPERS,JALAPENOS,SAUSAGE
2138865262239786683,November 20, 2015,Hector,Ralph,12721,Spruce,Spring Field,New Cicily,Spicy MEAT,CHEESE,PEPPERONI,SAUSAGE,BACON,JALAPENOS,JALAPENOS
2138865262239786684,November 20, 2015,Wayne,Everett,2829,Lee,Spring Field,New Cicily,Big Green,ONIONS,BLACK_OLIVES,GREEN_PEPPERS,SPINACH,JALAPENOS,SARDINES
2138865262239786685,November 20, 2015,Ann,Andrew,29510,Canyon,Spring Field,New Cicily,Big Green,ONIONS,BLACK_OLIVES,GREEN_PEPPERS,SPINACH,JALAPENOS,SARDINES
2138865262239786685,November 20, 2015,Ann,Andrew,29510,Canyon,Spring Field,New Cicily,Spicy MEAT,CHEESE,PEPPERONI,SAUSAGE,BACON,JALAPENOS,JALAPENOS
2138865262239786685,November 20, 2015,Ann,Andrew,29510,Canyon,Spring Field,New Cicily,Big Green,ONIONS,BLACK_OLIVES,GREEN_PEPPERS,SPINACH,JALAPENOS,SARDINES
2138865262239786686,November 20, 2015,Brett,Ashlee,6527,Shore,Spring Field,New Cicily,MEAT,CHEESE,PEPPERONI,SAUSAGE,BACON
2138865262239786687,November 20, 2015,Ann,Edwin,8779,Johnson,Spring Field,New Cicily,MEAT,CHEESE,PEPPERONI,SAUSAGE,BACON
2138865262239786687,November 20, 2015,Ann,Edwin,8779,Johnson,Spring Field,New Cicily,Funky Medina,CHEESE,EXTRA_CHEESE,MUSHROOMS,ONIONS,SAUSAGE,BLACK_OLIVES,SARDINES
2138865262239786687,November 20, 2015,Ann,Edwin,8779,Johnson,Spring Field,New Cicily,Big Green,ONIONS,BLACK_OLIVES,GREEN_PEPPERS,SPINACH,JALAPENOS,SARDINES
2138865262239786688,November 20, 2015,Molly,Crystal,5945,Center,Spring Field,New Cicily,Big Green,ONIONS,BLACK_OLIVES,GREEN_PEPPERS,SPINACH,JALAPENOS,SARDINES
2138865262239786689,November 20, 2015,Wayne,Jack,7077,Ninth,Spring Field,New Cicily,MEAT,CHEESE,PEPPERONI,SAUSAGE,BACON
2138865262239786689,November 20, 2015,Wayne,Jack,7077,Ninth,Spring Field,New Cicily,Spicy MEAT,CHEESE,PEPPERONI,SAUSAGE,BACON,JALAPENOS,JALAPENOS
2138865262239786689,November 20, 2015,Wayne,Jack,7077,Ninth,Spring Field,New Cicily,MEAT,CHEESE,PEPPERONI,SAUSAGE,BACON
2138865262239786689,November 20, 2015,Wayne,Jack,7077,Ninth,Spring Field,New Cicily,MEAT,CHEESE,PEPPERONI,SAUSAGE,BACON
2138865262239786690,November 20, 2015,Ann,Danny,1570,Walnut,Spring Field,New Cicily,MEAT,CHEESE,PEPPERONI,SAUSAGE,BACON
2138865262239786691,November 20, 2015,John,Frank,5584,Birch,Spring Field,New Cicily,Funky Medina,CHEESE,EXTRA_CHEESE,MUSHROOMS,ONIONS,SAUSAGE,BLACK_OLIVES,SARDINES
2138865262239786692,November 20, 2015,Wayne,Charlotte,17816,Hillside,Spring Field,New Cicily,Funky Medina,CHEESE,EXTRA_CHEESE,MUSHROOMS,ONIONS,SAUSAGE,BLACK_OLIVES,SARDINES
2138865262239786693,November 20, 2015,Wayne,Alyssa,17553,Hillside,Spring Field,New Cicily,Funky Medina,CHEESE,EXTRA_CHEESE,MUSHROOMS,ONIONS,SAUSAGE,BLACK_OLIVES,SARDINES
2138865262239786693,November 20, 2015,Wayne,Alyssa,17553,Hillside,Spring Field,New Cicily,Big Green,ONIONS,BLACK_OLIVES,GREEN_PEPPERS,SPINACH,JALAPENOS,SARDINES
2138865262239786694,November 21, 2015,Hector,Tina,2343,Malulani,Spring Field,New Cicily,Spicy MEAT,CHEESE,PEPPERONI,SAUSAGE,BACON,JALAPENOS,JALAPENOS
2138865262239786695,November 21, 2015,John,Joe,9824,West,Spring Field,New Cicily,Big Green,ONIONS,BLACK_OLIVES,GREEN_PEPPERS,SPINACH,JALAPENOS,SARDINES
2138865262239786695,November 21, 2015,John,Joe,9824,West,Spring Field,New Cicily,Big Green,ONIONS,BLACK_OLIVES,GREEN_PEPPERS,SPINACH,JALAPENOS,SARDINES
2138865262239786695,November 21, 2015,John,Joe,9824,West,Spring Field,New Cicily,Big Green,ONIONS,BLACK_OLIVES,GREEN_PEPPERS,SPINACH,JALAPENOS,SARDINES
2138865262239786696,November 21, 2015,Elijah,Ruby,17040,Quail,Spring Field,New Cicily,Big Green,ONIONS,BLACK_OLIVES,GREEN_PEPPERS,SPINACH,JALAPENOS,SARDINES
2138865262239786697,November 21, 2015,John,Sabrina,8734,Holly,Spring Field,New Cicily,Big Green,ONIONS,BLACK_OLIVES,GREEN_PEPPERS,SPINACH,JALAPENOS,SARDINES
2138865262239786697,November 21, 2015,John,Sabrina,8734,Holly,Spring Field,New Cicily,Big Green,ONIONS,BLACK_OLIVES,GREEN_PEPPERS,SPINACH,JALAPENOS,SARDINES
2138865262239786698,November 21, 2015,Ann,Allan,27000,Hickory,Spring Field,New Cicily,Big Green,ONIONS,BLACK_OLIVES,GREEN_PEPPERS,SPINACH,JALAPENOS,SARDINES
2138865262239786699,November 21, 2015,Molly,Mindy,19382,Apache,Spring Field,New Cicily,Funky Medina,CHEESE,EXTRA_CHEESE,MUSHROOMS,ONIONS,SAUSAGE,BLACK_OLIVES,SARDINES
2138865262239786699,November 21, 2015,Molly,Mindy,19382,Apache,Spring Field,New Cicily,Big Green,ONIONS,BLACK_OLIVES,GREEN_PEPPERS,SPINACH,JALAPENOS,SARDINES
2138865262239786699,November 21, 2015,Molly,Mindy,19382,Apache,Spring Field,New Cicily,Big Green,ONIONS,BLACK_OLIVES,GREEN_PEPPERS,SPINACH,JALAPENOS,SARDINES
2138865262239786699,November 21, 2015,Molly,Mindy,19382,Apache,Spring Field,New Cicily,MEAT,CHEESE,PEPPERONI,SAUSAGE,BACON
2138865262239786700,November 21, 2015,Hector,Julia,18490,Cypress,Spring Field,New Cicily,Spicy MEAT,CHEESE,PEPPERONI,SAUSAGE,BACON,JALAPENOS,JALAPENOS
2138865262239786700,November 21, 2015,Hector,Julia,18490,Cypress,Spring Field,New Cicily,MEAT,CHEESE,PEPPERONI,SAUSAGE,BACON
2138865262239786700,November 21, 2015,Hector,Julia,18490,Cypress,Spring Field,New Cicily,Spicy MEAT,CHEESE,PEPPERONI,SAUSAGE,BACON,JALAPENOS,JALAPENOS
2138865262239786701,November 21, 2015,Molly,Catherine,26984,Juniper,Spring Field,New Cicily,Stinky,CHEESE,ONIONS,EXTRA_CHEESE,GREEN_PEPPERS,JALAPENOS,SAUSAGE
2138865262239786702,November 21, 2015,Hector,Glenn,3456,Lehua,Spring Field,New Cicily,Funky Medina,CHEESE,EXTRA_CHEESE,MUSHROOMS,ONIONS,SAUSAGE,BLACK_OLIVES,SARDINES
2138865262239786702,November 21, 2015,Hector,Glenn,3456,Lehua,Spring Field,New Cicily,Spicy MEAT,CHEESE,PEPPERONI,SAUSAGE,BACON,JALAPENOS,JALAPENOS
2138865262239786702,November 21, 2015,Hector,Glenn,3456,Lehua,Spring Field,New Cicily,Big Green,ONIONS,BLACK_OLIVES,GREEN_PEPPERS,SPINACH,JALAPENOS,SARDINES
2138865262239786703,November 21, 2015,Brett,Martin,1008,Maple,Spring Field,New Cicily,Stinky,CHEESE,ONIONS,EXTRA_CHEESE,GREEN_PEPPERS,JALAPENOS,SAUSAGE
2138865262239786704,November 21, 2015,Wayne,Gary,28855,Redwood,Spring Field,New Cicily,Stinky,CHEESE,ONIONS,EXTRA_CHEESE,GREEN_PEPPERS,JALAPENOS,SAUSAGE
2138865262239786705,November 21, 2015,John,Teresa,1031,A,Spring Field,New Cicily,Spicy MEAT,CHEESE,PEPPERONI,SAUSAGE,BACON,JALAPENOS,JALAPENOS
2138865262239786705,November 21, 2015,John,Teresa,1031,A,Spring Field,New Cicily,Funky Medina,CHEESE,EXTRA_CHEESE,MUSHROOMS,ONIONS,SAUSAGE,BLACK_OLIVES,SARDINES
2138865262239786706,November 21, 2015,Wayne,Robert,5339,Spruce,Spring Field,New Cicily,Stinky,CHEESE,ONIONS,EXTRA_CHEESE,GREEN_PEPPERS,JALAPENOS,SAUSAGE
2138865262239786706,November 21, 2015,Wayne,Robert,5339,Spruce,Spring Field,New Cicily,Stinky,CHEESE,ONIONS,EXTRA_CHEESE,GREEN_PEPPERS,JALAPENOS,SAUSAGE
2138865262239786706,November 21, 2015,Wayne,Robert,5339,Spruce,Spring Field,New Cicily,Funky Medina,CHEESE,EXTRA_CHEESE,MUSHROOMS,ONIONS,SAUSAGE,BLACK_OLIVES,SARDINES
2138865262239786707,November 21, 2015,Ann,Krista,18642,Kukui,Spring Field,New Cicily,Funky Medina,CHEESE,EXTRA_CHEESE,MUSHROOMS,ONIONS,SAUSAGE,BLACK_OLIVES,SARDINES
2138865262239786707,November 21, 2015,Ann,Krista,18642,Kukui,Spring Field,New Cicily,Spicy MEAT,CHEESE,PEPPERONI,SAUSAGE,BACON,JALAPENOS,JALAPENOS
2138865262239786708,November 21, 2015,Wayne,Abigail,15766,Hill,Spring Field,New Cicily,Funky Medina,CHEESE,EXTRA_CHEESE,MUSHROOMS,ONIONS,SAUSAGE,BLACK_OLIVES,SARDINES
2138865262239786709,November 21, 2015,Ann,Patsy,21144,Thirteenth,Spring Field,New Cicily,Spicy MEAT,CHEESE,PEPPERONI,SAUSAGE,BACON,JALAPENOS,JALAPENOS
2138865262239786709,November 21, 2015,Ann,Patsy,21144,Thirteenth,Spring Field,New Cicily,Funky Medina,CHEESE,EXTRA_CHEESE,MUSHROOMS,ONIONS,SAUSAGE,BLACK_OLIVES,SARDINES
2138865262239786710,November 21, 2015,Molly,Phyllis,24597,Sycamore,Spring Field,New Cicily,Funky Medina,CHEESE,EXTRA_CHEESE,MUSHROOMS,ONIONS,SAUSAGE,BLACK_OLIVES,SARDINES
2138865262239786710,November 21, 2015,Molly,Phyllis,24597,Sycamore,Spring Field,New Cicily,Funky Medina,CHEESE,EXTRA_CHEESE,MUSHROOMS,ONIONS,SAUSAGE,BLACK_OLIVES,SARDINES
2138865262239786711,November 21, 2015,Elijah,Hannah,23775,Meadow,Spring Field,New Cicily,Stinky,CHEESE,ONIONS,EXTRA_CHEESE,GREEN_PEPPERS,JALAPENOS,SAUSAGE
2138865262239786711,November 21, 2015,Elijah,Hannah,23775,Meadow,Spring Field,New Cicily,Funky Medina,CHEESE,EXTRA_CHEESE,MUSHROOMS,ONIONS,SAUSAGE,BLACK_OLIVES,SARDINES
2138865262239786711,November 21, 2015,Elijah,Hannah,23775,Meadow,Spring Field,New Cicily,Funky Medina,CHEESE,EXTRA_CHEESE,MUSHROOMS,ONIONS,SAUSAGE,BLACK_OLIVES,SARDINES
2138865262239786711,November 21, 2015,Elijah,Hannah,23775,Meadow,Spring Field,New Cicily,Funky Medina,CHEESE,EXTRA_CHEESE,MUSHROOMS,ONIONS,SAUSAGE,BLACK_OLIVES,SARDINES
2138865262239786712,November 21, 2015,Elijah,Alvin,3956,Lake,Spring Field,New Cicily,Stinky,CHEESE,ONIONS,EXTRA_CHEESE,GREEN_PEPPERS,JALAPENOS,SAUSAGE
2138865262239786712,November 21, 2015,Elijah,Alvin,3956,Lake,Spring Field,New Cicily,MEAT,CHEESE,PEPPERONI,SAUSAGE,BACON
2138865262239786713,November 21, 2015,John,Bryan,4668,Washington,Spring Field,New Cicily,Funky Medina,CHEESE,EXTRA_CHEESE,MUSHROOMS,ONIONS,SAUSAGE,BLACK_OLIVES,SARDINES
2138865262239786714,November 21, 2015,Wayne,Kathleen,19446,Shore,Spring Field,New Cicily,MEAT,CHEESE,PEPPERONI,SAUSAGE,BACON
2138865262239786714,November 21, 2015,Wayne,Kathleen,19446,Shore,Spring Field,New Cicily,Big Green,ONIONS,BLACK_OLIVES,GREEN_PEPPERS,SPINACH,JALAPENOS,SARDINES
2138865262239786714,November 21, 2015,Wayne,Kathleen,19446,Shore,Spring Field,New Cicily,MEAT,CHEESE,PEPPERONI,SAUSAGE,BACON
2138865262239786715,November 21, 2015,Wayne,Derek,10829,Lake,Spring Field,New Cicily,Stinky,CHEESE,ONIONS,EXTRA_CHEESE,GREEN_PEPPERS,JALAPENOS,SAUSAGE
2138865262239786716,November 21, 2015,Hector,Raymond,21255,Johnson,Spring Field,New Cicily,Spicy MEAT,CHEESE,PEPPERONI,SAUSAGE,BACON,JALAPENOS,JALAPENOS
2138865262239786716,November 21, 2015,Hector,Raymond,21255,Johnson,Spring Field,New Cicily,Spicy MEAT,CHEESE,PEPPERONI,SAUSAGE,BACON,JALAPENOS,JALAPENOS
2138865262239786716,November 21, 2015,Hector,Raymond,21255,Johnson,Spring Field,New Cicily,Stinky,CHEESE,ONIONS,EXTRA_CHEESE,GREEN_PEPPERS,JALAPENOS,SAUSAGE
2138865262239786717,November 21, 2015,Wayne,Bernard,14988,Aloha,Spring Field,New Cicily,Big Green,ONIONS,BLACK_OLIVES,GREEN_PEPPERS,SPINACH,JALAPENOS,SARDINES
2138865262239786718,November 21, 2015,Molly,Jay,24365,Williams,Spring Field,New Cicily,Funky Medina,CHEESE,EXTRA_CHEESE,MUSHROOMS,ONIONS,SAUSAGE,BLACK_OLIVES,SARDINES
2138865262239786719,November 21, 2015,Molly,Carson,10727,Kahili,Spring Field,New Cicily,MEAT,CHEESE,PEPPERONI,SAUSAGE,BACON
2138865262239786719,November 21, 2015,Molly,Carson,10727,Kahili,Spring Field,New Cicily,Stinky,CHEESE,ONIONS,EXTRA_CHEESE,GREEN_PEPPERS,JALAPENOS,SAUSAGE
2138865262239786720,November 21, 2015,Brett,Warren,8937,Narragansett,Spring Field,New Cicily,Funky Medina,CHEESE,EXTRA_CHEESE,MUSHROOMS,ONIONS,SAUSAGE,BLACK_OLIVES,SARDINES
2138865262239786721,November 21, 2015,Elijah,Sherri,5770,Willow,Spring Field,New Cicily,MEAT,CHEESE,PEPPERONI,SAUSAGE,BACON
2138865262239786721,November 21, 2015,Elijah,Sherri,5770,Willow,Spring Field,New Cicily,Funky Medina,CHEESE,EXTRA_CHEESE,MUSHROOMS,ONIONS,SAUSAGE,BLACK_OLIVES,SARDINES
2138865262239786722,November 21, 2015,Ann,Kathleen,21385,Redwood,Spring Field,New Cicily,Spicy MEAT,CHEESE,PEPPERONI,SAUSAGE,BACON,JALAPENOS,JALAPENOS
2138865262239786722,November 21, 2015,Ann,Kathleen,21385,Redwood,Spring Field,New Cicily,Funky Medina,CHEESE,EXTRA_CHEESE,MUSHROOMS,ONIONS,SAUSAGE,BLACK_OLIVES,SARDINES
2138865262239786722,November 21, 2015,Ann,Kathleen,21385,Redwood,Spring Field,New Cicily,Stinky,CHEESE,ONIONS,EXTRA_CHEESE,GREEN_PEPPERS,JALAPENOS,SAUSAGE
2138865262239786722,November 21, 2015,Ann,Kathleen,21385,Redwood,Spring Field,New Cicily,Stinky,CHEESE,ONIONS,EXTRA_CHEESE,GREEN_PEPPERS,JALAPENOS,SAUSAGE
2138865262239786723,November 21, 2015,Molly,Cassidy,6975,Ninth,Spring Field,New Cicily,MEAT,CHEESE,PEPPERONI,SAUSAGE,BACON
2138865262239786723,November 21, 2015,Molly,Cassidy,6975,Ninth,Spring Field,New Cicily,MEAT,CHEESE,PEPPERONI,SAUSAGE,BACON
2138865262239786724,November 21, 2015,Molly,Dawn,16313,Walnut,Spring Field,New Cicily,Stinky,CHEESE,ONIONS,EXTRA_CHEESE,GREEN_PEPPERS,JALAPENOS,SAUSAGE
2138865262239786724,November 21, 2015,Molly,Dawn,16313,Walnut,Spring Field,New Cicily,Stinky,CHEESE,ONIONS,EXTRA_CHEESE,GREEN_PEPPERS,JALAPENOS,SAUSAGE
2138865262239786724,November 21, 2015,Molly,Dawn,16313,Walnut,Spring Field,New Cicily,Stinky,CHEESE,ONIONS,EXTRA_CHEESE,GREEN_PEPPERS,JALAPENOS,SAUSAGE
2138865262239786725,November 21, 2015,Ann,Walter,25219,Columbine,Spring Field,New Cicily,Spicy MEAT,CHEESE,PEPPERONI,SAUSAGE,BACON,JALAPENOS,JALAPENOS
2138865262239786725,November 21, 2015,Ann,Walter,25219,Columbine,Spring Field,New Cicily,Spicy MEAT,CHEESE,PEPPERONI,SAUSAGE,BACON,JALAPENOS,JALAPENOS
2138865262239786726,November 21, 2015,Ann,Carolyn,9666,Fourth,Spring Field,New Cicily,Funky Medina,CHEESE,EXTRA_CHEESE,MUSHROOMS,ONIONS,SAUSAGE,BLACK_OLIVES,SARDINES
2138865262239786726,November 21, 2015,Ann,Carolyn,9666,Fourth,Spring Field,New Cicily,Funky Medina,CHEESE,EXTRA_CHEESE,MUSHROOMS,ONIONS,SAUSAGE,BLACK_OLIVES,SARDINES
2138865262239786727,November 21, 2015,Elijah,Rodney,28421,Church,Spring Field,New Cicily,Stinky,CHEESE,ONIONS,EXTRA_CHEESE,GREEN_PEPPERS,JALAPENOS,SAUSAGE
2138865262239786728,November 21, 2015,Ann,Jacob,13301,Holly,Spring Field,New Cicily,MEAT,CHEESE,PEPPERONI,SAUSAGE,BACON
2138865262239786728,November 21, 2015,Ann,Jacob,13301,Holly,Spring Field,New Cicily,Spicy MEAT,CHEESE,PEPPERONI,SAUSAGE,BACON,JALAPENOS,JALAPENOS
2138865262239786729,November 21, 2015,Ann,Maria,17262,Eighth,Spring Field,New Cicily,MEAT,CHEESE,PEPPERONI,SAUSAGE,BACON
2138865262239786729,November 21, 2015,Ann,Maria,17262,Eighth,Spring Field,New Cicily,Stinky,CHEESE,ONIONS,EXTRA_CHEESE,GREEN_PEPPERS,JALAPENOS,SAUSAGE
2138865262239786729,November 21, 2015,Ann,Maria,17262,Eighth,Spring Field,New Cicily,Spicy MEAT,CHEESE,PEPPERONI,SAUSAGE,BACON,JALAPENOS,JALAPENOS
2138865262239786730,November 21, 2015,Wayne,Jennifer,22121,Ridge,Spring Field,New Cicily,Funky Medina,CHEESE,EXTRA_CHEESE,MUSHROOMS,ONIONS,SAUSAGE,BLACK_OLIVES,SARDINES
2138865262239786730,November 21, 2015,Wayne,Jennifer,22121,Ridge,Spring Field,New Cicily,Stinky,CHEESE,ONIONS,EXTRA_CHEESE,GREEN_PEPPERS,JALAPENOS,SAUSAGE
2138865262239786731,November 21, 2015,John,Tina,22229,Mesquite,Spring Field,New Cicily,Spicy MEAT,CHEESE,PEPPERONI,SAUSAGE,BACON,JALAPENOS,JALAPENOS
2138865262239786732,November 21, 2015,Molly,Jack,20067,Broadway,Spring Field,New Cicily,Spicy MEAT,CHEESE,PEPPERONI,SAUSAGE,BACON,JALAPENOS,JALAPENOS
2138865262239786732,November 21, 2015,Molly,Jack,20067,Broadway,Spring Field,New Cicily,Stinky,CHEESE,ONIONS,EXTRA_CHEESE,GREEN_PEPPERS,JALAPENOS,SAUSAGE
2138865262239786732,November 21, 2015,Molly,Jack,20067,Broadway,Spring Field,New Cicily,Spicy MEAT,CHEESE,PEPPERONI,SAUSAGE,BACON,JALAPENOS,JALAPENOS
2138865262239786733,November 21, 2015,Elijah,Monica,17878,Shore,Spring Field,New Cicily,Funky Medina,CHEESE,EXTRA_CHEESE,MUSHROOMS,ONIONS,SAUSAGE,BLACK_OLIVES,SARDINES
2138865262239786733,November 21, 2015,Elijah,Monica,17878,Shore,Spring Field,New Cicily,Funky Medina,CHEESE,EXTRA_CHEESE,MUSHROOMS,ONIONS,SAUSAGE,BLACK_OLIVES,SARDINES
2138865262239786733,November 21, 2015,Elijah,Monica,17878,Shore,Spring Field,New Cicily,Funky Medina,CHEESE,EXTRA_CHEESE,MUSHROOMS,ONIONS,SAUSAGE,BLACK_OLIVES,SARDINES
2138865262239786734,November 22, 2015,Wayne,Mercedes,10433,Church,Spring Field,New Cicily,Spicy MEAT,CHEESE,PEPPERONI,SAUSAGE,BACON,JALAPENOS,JALAPENOS
2138865262239786735,November 22, 2015,Wayne,Sally,12965,Sycamore,Spring Field,New Cicily,Stinky,CHEESE,ONIONS,EXTRA_CHEESE,GREEN_PEPPERS,JALAPENOS,SAUSAGE
2138865262239786735,November 22, 2015,Wayne,Sally,12965,Sycamore,Spring Field,New Cicily,Big Green,ONIONS,BLACK_OLIVES,GREEN_PEPPERS,SPINACH,JALAPENOS,SARDINES
2138865262239786735,November 22, 2015,Wayne,Sally,12965,Sycamore,Spring Field,New Cicily,Stinky,CHEESE,ONIONS,EXTRA_CHEESE,GREEN_PEPPERS,JALAPENOS,SAUSAGE
2138865262239786736,November 22, 2015,Ann,Lynda,5918,Palo Verde,Spring Field,New Cicily,Stinky,CHEESE,ONIONS,EXTRA_CHEESE,GREEN_PEPPERS,JALAPENOS,SAUSAGE
2138865262239786736,November 22, 2015,Ann,Lynda,5918,Palo Verde,Spring Field,New Cicily,Spicy MEAT,CHEESE,PEPPERONI,SAUSAGE,BACON,JALAPENOS,JALAPENOS
2138865262239786736,November 22, 2015,Ann,Lynda,5918,Palo Verde,Spring Field,New Cicily,Funky Medina,CHEESE,EXTRA_CHEESE,MUSHROOMS,ONIONS,SAUSAGE,BLACK_OLIVES,SARDINES
2138865262239786737,November 22, 2015,Elijah,Lisa,11432,River,Spring Field,New Cicily,MEAT,CHEESE,PEPPERONI,SAUSAGE,BACON
2138865262239786737,November 22, 2015,Elijah,Lisa,11432,River,Spring Field,New Cicily,Stinky,CHEESE,ONIONS,EXTRA_CHEESE,GREEN_PEPPERS,JALAPENOS,SAUSAGE
2138865262239786737,November 22, 2015,Elijah,Lisa,11432,River,Spring Field,New Cicily,Funky Medina,CHEESE,EXTRA_CHEESE,MUSHROOMS,ONIONS,SAUSAGE,BLACK_OLIVES,SARDINES
2138865262239786738,November 22, 2015,Hector,Tyler,26746,Tenth,Spring Field,New Cicily,Big Green,ONIONS,BLACK_OLIVES,GREEN_PEPPERS,SPINACH,JALAPENOS,SARDINES
2138865262239786738,November 22, 2015,Hector,Tyler,26746,Tenth,Spring Field,New Cicily,Funky Medina,CHEESE,EXTRA_CHEESE,MUSHROOMS,ONIONS,SAUSAGE,BLACK_OLIVES,SARDINES
2138865262239786739,November 22, 2015,Wayne,Roy,16083,Oak,Spring Field,New Cicily,Spicy MEAT,CHEESE,PEPPERONI,SAUSAGE,BACON,JALAPENOS,JALAPENOS
2138865262239786739,November 22, 2015,Wayne,Roy,16083,Oak,Spring Field,New Cicily,Spicy MEAT,CHEESE,PEPPERONI,SAUSAGE,BACON,JALAPENOS,JALAPENOS
2138865262239786740,November 22, 2015,Wayne,Jason,21409,Pinon,Spring Field,New Cicily,Spicy MEAT,CHEESE,PEPPERONI,SAUSAGE,BACON,JALAPENOS,JALAPENOS
2138865262239786740,November 22, 2015,Wayne,Jason,21409,Pinon,Spring Field,New Cicily,Big Green,ONIONS,BLACK_OLIVES,GREEN_PEPPERS,SPINACH,JALAPENOS,SARDINES
2138865262239786741,November 22, 2015,Molly,Jazmin,14746,Wilson,Spring Field,New Cicily,Funky Medina,CHEESE,EXTRA_CHEESE,MUSHROOMS,ONIONS,SAUSAGE,BLACK_OLIVES,SARDINES
2138865262239786741,November 22, 2015,Molly,Jazmin,14746,Wilson,Spring Field,New Cicily,Big Green,ONIONS,BLACK_OLIVES,GREEN_PEPPERS,SPINACH,JALAPENOS,SARDINES
2138865262239786741,November 22, 2015,Molly,Jazmin,14746,Wilson,Spring Field,New Cicily,MEAT,CHEESE,PEPPERONI,SAUSAGE,BACON
2138865262239786742,November 22, 2015,Molly,Jeff,702,N 400,Spring Field,New Cicily,Big Green,ONIONS,BLACK_OLIVES,GREEN_PEPPERS,SPINACH,JALAPENOS,SARDINES
2138865262239786743,November 22, 2015,Wayne,Joe,3111,Lake,Spring Field,New Cicily,Stinky,CHEESE,ONIONS,EXTRA_CHEESE,GREEN_PEPPERS,JALAPENOS,SAUSAGE
2138865262239786743,November 22, 2015,Wayne,Joe,3111,Lake,Spring Field,New Cicily,Stinky,CHEESE,ONIONS,EXTRA_CHEESE,GREEN_PEPPERS,JALAPENOS,SAUSAGE
2138865262239786744,November 22, 2015,John,Clifford,17715,Broadway,Spring Field,New Cicily,Stinky,CHEESE,ONIONS,EXTRA_CHEESE,GREEN_PEPPERS,JALAPENOS,SAUSAGE
2138865262239786745,November 22, 2015,Wayne,Billy,21166,Church,Spring Field,New Cicily,Big Green,ONIONS,BLACK_OLIVES,GREEN_PEPPERS,SPINACH,JALAPENOS,SARDINES
2138865262239786745,November 22, 2015,Wayne,Billy,21166,Church,Spring Field,New Cicily,Spicy MEAT,CHEESE,PEPPERONI,SAUSAGE,BACON,JALAPENOS,JALAPENOS
2138865262239786746,November 22, 2015,John,Gloria,2552,Williams,Spring Field,New Cicily,MEAT,CHEESE,PEPPERONI,SAUSAGE,BACON
2138865262239786746,November 22, 2015,John,Gloria,2552,Williams,Spring Field,New Cicily,Big Green,ONIONS,BLACK_OLIVES,GREEN_PEPPERS,SPINACH,JALAPENOS,SARDINES
2138865262239786746,November 22, 2015,John,Gloria,2552,Williams,Spring Field,New Cicily,Funky Medina,CHEESE,EXTRA_CHEESE,MUSHROOMS,ONIONS,SAUSAGE,BLACK_OLIVES,SARDINES
2138865262239786747,November 22, 2015,Brett,Linda,29735,Walnut,Spring Field,New Cicily,Funky Medina,CHEESE,EXTRA_CHEESE,MUSHROOMS,ONIONS,SAUSAGE,BLACK_OLIVES,SARDINES
2138865262239786747,November 22, 2015,Brett,Linda,29735,Walnut,Spring Field,New Cicily,MEAT,CHEESE,PEPPERONI,SAUSAGE,BACON
2138865262239786748,November 22, 2015,Wayne,Charles,22535,Quail,Spring Field,New Cicily,Spicy MEAT,CHEESE,PEPPERONI,SAUSAGE,BACON,JALAPENOS,JALAPENOS
2138865262239786748,November 22, 2015,Wayne,Charles,22535,Quail,Spring Field,New Cicily,Funky Medina,CHEESE,EXTRA_CHEESE,MUSHROOMS,ONIONS,SAUSAGE,BLACK_OLIVES,SARDINES
2138865262239786748,November 22, 2015,Wayne,Charles,22535,Quail,Spring Field,New Cicily,Stinky,CHEESE,ONIONS,EXTRA_CHEESE,GREEN_PEPPERS,JALAPENOS,SAUSAGE
2138865262239786749,November 22, 2015,Hector,Gina,1832,Bay,Spring Field,New Cicily,Big Green,ONIONS,BLACK_OLIVES,GREEN_PEPPERS,SPINACH,JALAPENOS,SARDINES
2138865262239786750,November 22, 2015,Ann,Joel,22338,West,Spring Field,New Cicily,MEAT,CHEESE,PEPPERONI,SAUSAGE,BACON
2138865262239786750,November 22, 2015,Ann,Joel,22338,West,Spring Field,New Cicily,Funky Medina,CHEESE,EXTRA_CHEESE,MUSHROOMS,ONIONS,SAUSAGE,BLACK_OLIVES,SARDINES
2138865262239786751,November 22, 2015,Molly,Janis,16708,Dogwood,Spring Field,New Cicily,Spicy MEAT,CHEESE,PEPPERONI,SAUSAGE,BACON,JALAPENOS,JALAPENOS
2138865262239786751,November 22, 2015,Molly,Janis,16708,Dogwood,Spring Field,New Cicily,Spicy MEAT,CHEESE,PEPPERONI,SAUSAGE,BACON,JALAPENOS,JALAPENOS
2138865262239786751,November 22, 2015,Molly,Janis,16708,Dogwood,Spring Field,New Cicily,Funky Medina,CHEESE,EXTRA_CHEESE,MUSHROOMS,ONIONS,SAUSAGE,BLACK_OLIVES,SARDINES
2138865262239786752,November 22, 2015,Ann,Darrell,3314,Twelfth,Spring Field,New Cicily,Big Green,ONIONS,BLACK_OLIVES,GREEN_PEPPERS,SPINACH,JALAPENOS,SARDINES
2138865262239786752,November 22, 2015,Ann,Darrell,3314,Twelfth,Spring Field,New Cicily,Stinky,CHEESE,ONIONS,EXTRA_CHEESE,GREEN_PEPPERS,JALAPENOS,SAUSAGE
2138865262239786753,November 22, 2015,John,Heather,23242,Mountain View,Spring Field,New Cicily,MEAT,CHEESE,PEPPERONI,SAUSAGE,BACON
2138865262239786753,November 22, 2015,John,Heather,23242,Mountain View,Spring Field,New Cicily,Stinky,CHEESE,ONIONS,EXTRA_CHEESE,GREEN_PEPPERS,JALAPENOS,SAUSAGE
2138865262239786753,November 22, 2015,John,Heather,23242,Mountain View,Spring Field,New Cicily,Stinky,CHEESE,ONIONS,EXTRA_CHEESE,GREEN_PEPPERS,JALAPENOS,SAUSAGE
2138865262239786754,November 22, 2015,Ann,Mckenzie,19402,Juniper,Spring Field,New Cicily,Stinky,CHEESE,ONIONS,EXTRA_CHEESE,GREEN_PEPPERS,JALAPENOS,SAUSAGE
2138865262239786754,November 22, 2015,Ann,Mckenzie,19402,Juniper,Spring Field,New Cicily,Stinky,CHEESE,ONIONS,EXTRA_CHEESE,GREEN_PEPPERS,JALAPENOS,SAUSAGE
2138865262239786754,November 22, 2015,Ann,Mckenzie,19402,Juniper,Spring Field,New Cicily,Stinky,CHEESE,ONIONS,EXTRA_CHEESE,GREEN_PEPPERS,JALAPENOS,SAUSAGE
2138865262239786754,November 22, 2015,Ann,Mckenzie,19402,Juniper,Spring Field,New Cicily,MEAT,CHEESE,PEPPERONI,SAUSAGE,BACON
2138865262239786755,November 22, 2015,Hector,Nicholas,5445,Narragansett,Spring Field,New Cicily,Spicy MEAT,CHEESE,PEPPERONI,SAUSAGE,BACON,JALAPENOS,JALAPENOS
2138865262239786755,November 22, 2015,Hector,Nicholas,5445,Narragansett,Spring Field,New Cicily,Big Green,ONIONS,BLACK_OLIVES,GREEN_PEPPERS,SPINACH,JALAPENOS,SARDINES
2138865262239786755,November 22, 2015,Hector,Nicholas,5445,Narragansett,Spring Field,New Cicily,Big Green,ONIONS,BLACK_OLIVES,GREEN_PEPPERS,SPINACH,JALAPENOS,SARDINES
2138865262239786756,November 22, 2015,Brett,Kerry,1419,Highland,Spring Field,New Cicily,Big Green,ONIONS,BLACK_OLIVES,GREEN_PEPPERS,SPINACH,JALAPENOS,SARDINES
2138865262239786756,November 22, 2015,Brett,Kerry,1419,Highland,Spring Field,New Cicily,Stinky,CHEESE,ONIONS,EXTRA_CHEESE,GREEN_PEPPERS,JALAPENOS,SAUSAGE
2138865262239786756,November 22, 2015,Brett,Kerry,1419,Highland,Spring Field,New Cicily,Big Green,ONIONS,BLACK_OLIVES,GREEN_PEPPERS,SPINACH,JALAPENOS,SARDINES
2138865262239786757,November 22, 2015,Hector,Garrett,7351,Lehua,Spring Field,New Cicily,MEAT,CHEESE,PEPPERONI,SAUSAGE,BACON
2138865262239786757,November 22, 2015,Hector,Garrett,7351,Lehua,Spring Field,New Cicily,MEAT,CHEESE,PEPPERONI,SAUSAGE,BACON
2138865262239786757,November 22, 2015,Hector,Garrett,7351,Lehua,Spring Field,New Cicily,Stinky,CHEESE,ONIONS,EXTRA_CHEESE,GREEN_PEPPERS,JALAPENOS,SAUSAGE
2138865262239786757,November 22, 2015,Hector,Garrett,7351,Lehua,Spring Field,New Cicily,Big Green,ONIONS,BLACK_OLIVES,GREEN_PEPPERS,SPINACH,JALAPENOS,SARDINES
2138865262239786758,November 22, 2015,Wayne,Frank,27205,S 400,Spring Field,New Cicily,Funky Medina,CHEESE,EXTRA_CHEESE,MUSHROOMS,ONIONS,SAUSAGE,BLACK_OLIVES,SARDINES
2138865262239786758,November 22, 2015,Wayne,Frank,27205,S 400,Spring Field,New Cicily,MEAT,CHEESE,PEPPERONI,SAUSAGE,BACON
2138865262239786759,November 22, 2015,Wayne,Russell,20079,Mesquite,Spring Field,New Cicily,MEAT,CHEESE,PEPPERONI,SAUSAGE,BACON
2138865262239786759,November 22, 2015,Wayne,Russell,20079,Mesquite,Spring Field,New Cicily,Spicy MEAT,CHEESE,PEPPERONI,SAUSAGE,BACON,JALAPENOS,JALAPENOS
2138865262239786759,November 22, 2015,Wayne,Russell,20079,Mesquite,Spring Field,New Cicily,Big Green,ONIONS,BLACK_OLIVES,GREEN_PEPPERS,SPINACH,JALAPENOS,SARDINES
2138865262239786760,November 22, 2015,Molly,Cameron,23044,Elm,Spring Field,New Cicily,MEAT,CHEESE,PEPPERONI,SAUSAGE,BACON
2138865262239786760,November 22, 2015,Molly,Cameron,23044,Elm,Spring Field,New Cicily,Funky Medina,CHEESE,EXTRA_CHEESE,MUSHROOMS,ONIONS,SAUSAGE,BLACK_OLIVES,SARDINES
2138865262239786761,November 22, 2015,Ann,Lance,7632,Redwood,Spring Field,New Cicily,MEAT,CHEESE,PEPPERONI,SAUSAGE,BACON
2138865262239786761,November 22, 2015,Ann,Lance,7632,Redwood,Spring Field,New Cicily,Spicy MEAT,CHEESE,PEPPERONI,SAUSAGE,BACON,JALAPENOS,JALAPENOS
2138865262239786761,November 22, 2015,Ann,Lance,7632,Redwood,Spring Field,New Cicily,Spicy MEAT,CHEESE,PEPPERONI,SAUSAGE,BACON,JALAPENOS,JALAPENOS
2138865262239786762,November 22, 2015,Molly,Bennie,2006,Main,Spring Field,New Cicily,Big Green,ONIONS,BLACK_OLIVES,GREEN_PEPPERS,SPINACH,JALAPENOS,SARDINES
2138865262239786762,November 22, 2015,Molly,Bennie,2006,Main,Spring Field,New Cicily,Stinky,CHEESE,ONIONS,EXTRA_CHEESE,GREEN_PEPPERS,JALAPENOS,SAUSAGE
2138865262239786763,November 22, 2015,Molly,Charles,6774,Willow,Spring Field,New Cicily,MEAT,CHEESE,PEPPERONI,SAUSAGE,BACON
2138865262239786763,November 22, 2015,Molly,Charles,6774,Willow,Spring Field,New Cicily,Big Green,ONIONS,BLACK_OLIVES,GREEN_PEPPERS,SPINACH,JALAPENOS,SARDINES
2138865262239786764,November 22, 2015,Brett,Benjamin,25489,Sycamore,Spring Field,New Cicily,MEAT,CHEESE,PEPPERONI,SAUSAGE,BACON
2138865262239786764,November 22, 2015,Brett,Benjamin,25489,Sycamore,Spring Field,New Cicily,Stinky,CHEESE,ONIONS,EXTRA_CHEESE,GREEN_PEPPERS,JALAPENOS,SAUSAGE
2138865262239786764,November 22, 2015,Brett,Benjamin,25489,Sycamore,Spring Field,New Cicily,Stinky,CHEESE,ONIONS,EXTRA_CHEESE,GREEN_PEPPERS,JALAPENOS,SAUSAGE
2138865262239786765,November 22, 2015,Brett,Wesley,19116,First,Spring Field,New Cicily,MEAT,CHEESE,PEPPERONI,SAUSAGE,BACON
2138865262239786765,November 22, 2015,Brett,Wesley,19116,First,Spring Field,New Cicily,MEAT,CHEESE,PEPPERONI,SAUSAGE,BACON
2138865262239786766,November 22, 2015,Ann,Joe,14775,Aspen,Spring Field,New Cicily,Spicy MEAT,CHEESE,PEPPERONI,SAUSAGE,BACON,JALAPENOS,JALAPENOS
2138865262239786766,November 22, 2015,Ann,Joe,14775,Aspen,Spring Field,New Cicily,Stinky,CHEESE,ONIONS,EXTRA_CHEESE,GREEN_PEPPERS,JALAPENOS,SAUSAGE
2138865262239786766,November 22, 2015,Ann,Joe,14775,Aspen,Spring Field,New Cicily,Spicy MEAT,CHEESE,PEPPERONI,SAUSAGE,BACON,JALAPENOS,JALAPENOS
2138865262239786766,November 22, 2015,Ann,Joe,14775,Aspen,Spring Field,New Cicily,Big Green,ONIONS,BLACK_OLIVES,GREEN_PEPPERS,SPINACH,JALAPENOS,SARDINES
2138865262239786767,November 22, 2015,Hector,Kristen,27830,Mountain View,Spring Field,New Cicily,Spicy MEAT,CHEESE,PEPPERONI,SAUSAGE,BACON,JALAPENOS,JALAPENOS
2138865262239786767,November 22, 2015,Hector,Kristen,27830,Mountain View,Spring Field,New Cicily,Funky Medina,CHEESE,EXTRA_CHEESE,MUSHROOMS,ONIONS,SAUSAGE,BLACK_OLIVES,SARDINES
2138865262239786768,November 22, 2015,Hector,April,566,Hemlock,Spring Field,New Cicily,MEAT,CHEESE,PEPPERONI,SAUSAGE,BACON
2138865262239786768,November 22, 2015,Hector,April,566,Hemlock,Spring Field,New Cicily,Funky Medina,CHEESE,EXTRA_CHEESE,MUSHROOMS,ONIONS,SAUSAGE,BLACK_OLIVES,SARDINES
2138865262239786769,November 22, 2015,Wayne,Erin,28226,Hill,Spring Field,New Cicily,Funky Medina,CHEESE,EXTRA_CHEESE,MUSHROOMS,ONIONS,SAUSAGE,BLACK_OLIVES,SARDINES
2138865262239786769,November 22, 2015,Wayne,Erin,28226,Hill,Spring Field,New Cicily,Stinky,CHEESE,ONIONS,EXTRA_CHEESE,GREEN_PEPPERS,JALAPENOS,SAUSAGE
2138865262239786769,November 22, 2015,Wayne,Erin,28226,Hill,Spring Field,New Cicily,Stinky,CHEESE,ONIONS,EXTRA_CHEESE,GREEN_PEPPERS,JALAPENOS,SAUSAGE
2138865262239786770,November 22, 2015,Brett,Jack,1175,Hampton,Spring Field,New Cicily,MEAT,CHEESE,PEPPERONI,SAUSAGE,BACON
2138865262239786771,November 22, 2015,Hector,Vernon,15791,Kansas,Spring Field,New Cicily,Spicy MEAT,CHEESE,PEPPERONI,SAUSAGE,BACON,JALAPENOS,JALAPENOS
2138865262239786771,November 22, 2015,Hector,Vernon,15791,Kansas,Spring Field,New Cicily,Spicy MEAT,CHEESE,PEPPERONI,SAUSAGE,BACON,JALAPENOS,JALAPENOS
2138865262239786771,November 22, 2015,Hector,Vernon,15791,Kansas,Spring Field,New Cicily,MEAT,CHEESE,PEPPERONI,SAUSAGE,BACON
2138865262239786772,November 22, 2015,Brett,Edward,1996,Cherry,Spring Field,New Cicily,MEAT,CHEESE,PEPPERONI,SAUSAGE,BACON
2138865262239786772,November 22, 2015,Brett,Edward,1996,Cherry,Spring Field,New Cicily,MEAT,CHEESE,PEPPERONI,SAUSAGE,BACON
2138865262239786772,November 22, 2015,Brett,Edward,1996,Cherry,Spring Field,New Cicily,Big Green,ONIONS,BLACK_OLIVES,GREEN_PEPPERS,SPINACH,JALAPENOS,SARDINES
2138865262239786773,November 22, 2015,Hector,Alex,25560,Second,Spring Field,New Cicily,Big Green,ONIONS,BLACK_OLIVES,GREEN_PEPPERS,SPINACH,JALAPENOS,SARDINES
2138865262239786773,November 22, 2015,Hector,Alex,25560,Second,Spring Field,New Cicily,Spicy MEAT,CHEESE,PEPPERONI,SAUSAGE,BACON,JALAPENOS,JALAPENOS
2138865262239786773,November 22, 2015,Hector,Alex,25560,Second,Spring Field,New Cicily,Stinky,CHEESE,ONIONS,EXTRA_CHEESE,GREEN_PEPPERS,JALAPENOS,SAUSAGE
2138865262239786774,November 22, 2015,Wayne,Lucy,23543,Dogwood,Spring Field,New Cicily,Big Green,ONIONS,BLACK_OLIVES,GREEN_PEPPERS,SPINACH,JALAPENOS,SARDINES
2138865262239786774,November 22, 2015,Wayne,Lucy,23543,Dogwood,Spring Field,New Cicily,Funky Medina,CHEESE,EXTRA_CHEESE,MUSHROOMS,ONIONS,SAUSAGE,BLACK_OLIVES,SARDINES
2138865262239786775,November 22, 2015,Hector,Danny,1570,Walnut,Spring Field,New Cicily,Stinky,CHEESE,ONIONS,EXTRA_CHEESE,GREEN_PEPPERS,JALAPENOS,SAUSAGE
2138865262239786776,November 22, 2015,John,Jean,18765,Dogwood,Spring Field,New Cicily,Stinky,CHEESE,ONIONS,EXTRA_CHEESE,GREEN_PEPPERS,JALAPENOS,SAUSAGE
2138865262239786776,November 22, 2015,John,Jean,18765,Dogwood,Spring Field,New Cicily,Big Green,ONIONS,BLACK_OLIVES,GREEN_PEPPERS,SPINACH,JALAPENOS,SARDINES
2138865262239786777,November 22, 2015,Elijah,Rachel,12541,Quail,Spring Field,New Cicily,MEAT,CHEESE,PEPPERONI,SAUSAGE,BACON
2138865262239786777,November 22, 2015,Elijah,Rachel,12541,Quail,Spring Field,New Cicily,Spicy MEAT,CHEESE,PEPPERONI,SAUSAGE,BACON,JALAPENOS,JALAPENOS
2138865262239786778,November 22, 2015,Ann,Mikayla,13055,Ridge,Spring Field,New Cicily,Stinky,CHEESE,ONIONS,EXTRA_CHEESE,GREEN_PEPPERS,JALAPENOS,SAUSAGE
2138865262239786778,November 22, 2015,Ann,Mikayla,13055,Ridge,Spring Field,New Cicily,Spicy MEAT,CHEESE,PEPPERONI,SAUSAGE,BACON,JALAPENOS,JALAPENOS
2138865262239786778,November 22, 2015,Ann,Mikayla,13055,Ridge,Spring Field,New Cicily,Spicy MEAT,CHEESE,PEPPERONI,SAUSAGE,BACON,JALAPENOS,JALAPENOS
2138865262239786779,November 22, 2015,Hector,Cheryl,27820,Fourth,Spring Field,New Cicily,MEAT,CHEESE,PEPPERONI,SAUSAGE,BACON
2138865262239786779,November 22, 2015,Hector,Cheryl,27820,Fourth,Spring Field,New Cicily,Big Green,ONIONS,BLACK_OLIVES,GREEN_PEPPERS,SPINACH,JALAPENOS,SARDINES
2138865262239786779,November 22, 2015,Hector,Cheryl,27820,Fourth,Spring Field,New Cicily,Big Green,ONIONS,BLACK_OLIVES,GREEN_PEPPERS,SPINACH,JALAPENOS,SARDINES
2138865262239786779,November 22, 2015,Hector,Cheryl,27820,Fourth,Spring Field,New Cicily,MEAT,CHEESE,PEPPERONI,SAUSAGE,BACON
2138865262239786780,November 22, 2015,Wayne,Judith,17624,Shore,Spring Field,New Cicily,Big Green,ONIONS,BLACK_OLIVES,GREEN_PEPPERS,SPINACH,JALAPENOS,SARDINES
2138865262239786780,November 22, 2015,Wayne,Judith,17624,Shore,Spring Field,New Cicily,Stinky,CHEESE,ONIONS,EXTRA_CHEESE,GREEN_PEPPERS,JALAPENOS,SAUSAGE
2138865262239786780,November 22, 2015,Wayne,Judith,17624,Shore,Spring Field,New Cicily,Spicy MEAT,CHEESE,PEPPERONI,SAUSAGE,BACON,JALAPENOS,JALAPENOS
2138865262239786781,November 22, 2015,Brett,Tom,26283,Lehua,Spring Field,New Cicily,Big Green,ONIONS,BLACK_OLIVES,GREEN_PEPPERS,SPINACH,JALAPENOS,SARDINES
2138865262239786781,November 22, 2015,Brett,Tom,26283,Lehua,Spring Field,New Cicily,Big Green,ONIONS,BLACK_OLIVES,GREEN_PEPPERS,SPINACH,JALAPENOS,SARDINES
2138865262239786782,November 22, 2015,Hector,Veronica,25125,Pecan,Spring Field,New Cicily,MEAT,CHEESE,PEPPERONI,SAUSAGE,BACON
2138865262239786782,November 22, 2015,Hector,Veronica,25125,Pecan,Spring Field,New Cicily,Big Green,ONIONS,BLACK_OLIVES,GREEN_PEPPERS,SPINACH,JALAPENOS,SARDINES
2138865262239786783,November 22, 2015,Brett,Chloe,20590,Mountain View,Spring Field,New Cicily,Big Green,ONIONS,BLACK_OLIVES,GREEN_PEPPERS,SPINACH,JALAPENOS,SARDINES
2138865262239786783,November 22, 2015,Brett,Chloe,20590,Mountain View,Spring Field,New Cicily,Stinky,CHEESE,ONIONS,EXTRA_CHEESE,GREEN_PEPPERS,JALAPENOS,SAUSAGE
2138865262239786784,November 23, 2015,John,Keith,17124,Malulani,Spring Field,New Cicily,Big Green,ONIONS,BLACK_OLIVES,GREEN_PEPPERS,SPINACH,JALAPENOS,SARDINES
2138865262239786784,November 23, 2015,John,Keith,17124,Malulani,Spring Field,New Cicily,Stinky,CHEESE,ONIONS,EXTRA_CHEESE,GREEN_PEPPERS,JALAPENOS,SAUSAGE
2138865262239786784,November 23, 2015,John,Keith,17124,Malulani,Spring Field,New Cicily,Stinky,CHEESE,ONIONS,EXTRA_CHEESE,GREEN_PEPPERS,JALAPENOS,SAUSAGE
2138865262239786784,November 23, 2015,John,Keith,17124,Malulani,Spring Field,New Cicily,Funky Medina,CHEESE,EXTRA_CHEESE,MUSHROOMS,ONIONS,SAUSAGE,BLACK_OLIVES,SARDINES
2138865262239786785,November 23, 2015,Brett,Allan,4177,Wood,Spring Field,New Cicily,MEAT,CHEESE,PEPPERONI,SAUSAGE,BACON
2138865262239786786,November 23, 2015,Elijah,Jessica,18430,Pinon,Spring Field,New Cicily,Stinky,CHEESE,ONIONS,EXTRA_CHEESE,GREEN_PEPPERS,JALAPENOS,SAUSAGE
2138865262239786786,November 23, 2015,Elijah,Jessica,18430,Pinon,Spring Field,New Cicily,Funky Medina,CHEESE,EXTRA_CHEESE,MUSHROOMS,ONIONS,SAUSAGE,BLACK_OLIVES,SARDINES
2138865262239786786,November 23, 2015,Elijah,Jessica,18430,Pinon,Spring Field,New Cicily,Funky Medina,CHEESE,EXTRA_CHEESE,MUSHROOMS,ONIONS,SAUSAGE,BLACK_OLIVES,SARDINES
2138865262239786786,November 23, 2015,Elijah,Jessica,18430,Pinon,Spring Field,New Cicily,Big Green,ONIONS,BLACK_OLIVES,GREEN_PEPPERS,SPINACH,JALAPENOS,SARDINES
2138865262239786787,November 23, 2015,Wayne,Cynthia,27786,Johnson,Spring Field,New Cicily,Big Green,ONIONS,BLACK_OLIVES,GREEN_PEPPERS,SPINACH,JALAPENOS,SARDINES
2138865262239786787,November 23, 2015,Wayne,Cynthia,27786,Johnson,Spring Field,New Cicily,Spicy MEAT,CHEESE,PEPPERONI,SAUSAGE,BACON,JALAPENOS,JALAPENOS
2138865262239786788,November 23, 2015,Betty,Fred,1868,S 100,Spring Field,New Cicily,Big Green,ONIONS,BLACK_OLIVES,GREEN_PEPPERS,SPINACH,JALAPENOS,SARDINES
2138865262239786789,November 23, 2015,Brett,Dustin,22034,Williams,Spring Field,New Cicily,Big Green,ONIONS,BLACK_OLIVES,GREEN_PEPPERS,SPINACH,JALAPENOS,SARDINES
2138865262239786790,November 23, 2015,Elijah,Melanie,28437,Palo Verde,Spring Field,New Cicily,Big Green,ONIONS,BLACK_OLIVES,GREEN_PEPPERS,SPINACH,JALAPENOS,SARDINES
2138865262239786790,November 23, 2015,Elijah,Melanie,28437,Palo Verde,Spring Field,New Cicily,MEAT,CHEESE,PEPPERONI,SAUSAGE,BACON
2138865262239786790,November 23, 2015,Elijah,Melanie,28437,Palo Verde,Spring Field,New Cicily,MEAT,CHEESE,PEPPERONI,SAUSAGE,BACON
2138865262239786791,November 23, 2015,Wayne,Kelli,60,Third,Spring Field,New Cicily,MEAT,CHEESE,PEPPERONI,SAUSAGE,BACON
2138865262239786792,November 23, 2015,Brett,Paula,13067,Apache,Spring Field,New Cicily,Spicy MEAT,CHEESE,PEPPERONI,SAUSAGE,BACON,JALAPENOS,JALAPENOS
2138865262239786792,November 23, 2015,Brett,Paula,13067,Apache,Spring Field,New Cicily,Stinky,CHEESE,ONIONS,EXTRA_CHEESE,GREEN_PEPPERS,JALAPENOS,SAUSAGE
2138865262239786792,November 23, 2015,Brett,Paula,13067,Apache,Spring Field,New Cicily,Big Green,ONIONS,BLACK_OLIVES,GREEN_PEPPERS,SPINACH,JALAPENOS,SARDINES
2138865262239786793,November 23, 2015,Ann,Leonard,28319,Ridge,Spring Field,New Cicily,MEAT,CHEESE,PEPPERONI,SAUSAGE,BACON
2138865262239786793,November 23, 2015,Ann,Leonard,28319,Ridge,Spring Field,New Cicily,Big Green,ONIONS,BLACK_OLIVES,GREEN_PEPPERS,SPINACH,JALAPENOS,SARDINES
2138865262239786794,November 23, 2015,Betty,Brianna,7888,Cherry,Spring Field,New Cicily,Spicy MEAT,CHEESE,PEPPERONI,SAUSAGE,BACON,JALAPENOS,JALAPENOS
2138865262239786795,November 23, 2015,John,Marc,205,Canyon,Spring Field,New Cicily,MEAT,CHEESE,PEPPERONI,SAUSAGE,BACON
2138865262239786796,November 23, 2015,John,Kelly,7016,Ninth,Spring Field,New Cicily,Stinky,CHEESE,ONIONS,EXTRA_CHEESE,GREEN_PEPPERS,JALAPENOS,SAUSAGE
2138865262239786796,November 23, 2015,John,Kelly,7016,Ninth,Spring Field,New Cicily,Big Green,ONIONS,BLACK_OLIVES,GREEN_PEPPERS,SPINACH,JALAPENOS,SARDINES
2138865262239786796,November 23, 2015,John,Kelly,7016,Ninth,Spring Field,New Cicily,Stinky,CHEESE,ONIONS,EXTRA_CHEESE,GREEN_PEPPERS,JALAPENOS,SAUSAGE
2138865262239786797,November 23, 2015,Brett,Kylie,23957,Holly,Spring Field,New Cicily,Funky Medina,CHEESE,EXTRA_CHEESE,MUSHROOMS,ONIONS,SAUSAGE,BLACK_OLIVES,SARDINES
2138865262239786797,November 23, 2015,Brett,Kylie,23957,Holly,Spring Field,New Cicily,Spicy MEAT,CHEESE,PEPPERONI,SAUSAGE,BACON,JALAPENOS,JALAPENOS
2138865262239786797,November 23, 2015,Brett,Kylie,23957,Holly,Spring Field,New Cicily,Big Green,ONIONS,BLACK_OLIVES,GREEN_PEPPERS,SPINACH,JALAPENOS,SARDINES
2138865262239786798,November 23, 2015,Wayne,Eileen,4149,Cherry,Spring Field,New Cicily,Spicy MEAT,CHEESE,PEPPERONI,SAUSAGE,BACON,JALAPENOS,JALAPENOS
2138865262239786799,November 23, 2015,Wayne,Isabella,14399,Lakeview,Spring Field,New Cicily,Funky Medina,CHEESE,EXTRA_CHEESE,MUSHROOMS,ONIONS,SAUSAGE,BLACK_OLIVES,SARDINES
2138865262239786799,November 23, 2015,Wayne,Isabella,14399,Lakeview,Spring Field,New Cicily,Big Green,ONIONS,BLACK_OLIVES,GREEN_PEPPERS,SPINACH,JALAPENOS,SARDINES
2138865262239786800,November 23, 2015,Wayne,Bruce,4935,Pecan,Spring Field,New Cicily,Big Green,ONIONS,BLACK_OLIVES,GREEN_PEPPERS,SPINACH,JALAPENOS,SARDINES
2138865262239786800,November 23, 2015,Wayne,Bruce,4935,Pecan,Spring Field,New Cicily,Spicy MEAT,CHEESE,PEPPERONI,SAUSAGE,BACON,JALAPENOS,JALAPENOS
2138865262239786801,November 23, 2015,Elijah,Jared,16146,Cherry,Spring Field,New Cicily,Big Green,ONIONS,BLACK_OLIVES,GREEN_PEPPERS,SPINACH,JALAPENOS,SARDINES
2138865262239786801,November 23, 2015,Elijah,Jared,16146,Cherry,Spring Field,New Cicily,Stinky,CHEESE,ONIONS,EXTRA_CHEESE,GREEN_PEPPERS,JALAPENOS,SAUSAGE
2138865262239786802,November 23, 2015,Wayne,Addison,3876,Malulani,Spring Field,New Cicily,Big Green,ONIONS,BLACK_OLIVES,GREEN_PEPPERS,SPINACH,JALAPENOS,SARDINES
2138865262239786802,November 23, 2015,Wayne,Addison,3876,Malulani,Spring Field,New Cicily,Funky Medina,CHEESE,EXTRA_CHEESE,MUSHROOMS,ONIONS,SAUSAGE,BLACK_OLIVES,SARDINES
2138865262239786803,November 23, 2015,Ann,Brianna,12262,Smith,Spring Field,New Cicily,Stinky,CHEESE,ONIONS,EXTRA_CHEESE,GREEN_PEPPERS,JALAPENOS,SAUSAGE
2138865262239786804,November 23, 2015,Elijah,Dana,16863,Aspen,Spring Field,New Cicily,Funky Medina,CHEESE,EXTRA_CHEESE,MUSHROOMS,ONIONS,SAUSAGE,BLACK_OLIVES,SARDINES
2138865262239786804,November 23, 2015,Elijah,Dana,16863,Aspen,Spring Field,New Cicily,MEAT,CHEESE,PEPPERONI,SAUSAGE,BACON
2138865262239786804,November 23, 2015,Elijah,Dana,16863,Aspen,Spring Field,New Cicily,Big Green,ONIONS,BLACK_OLIVES,GREEN_PEPPERS,SPINACH,JALAPENOS,SARDINES
2138865262239786805,November 23, 2015,Ann,Terry,29796,Juniper,Spring Field,New Cicily,Spicy MEAT,CHEESE,PEPPERONI,SAUSAGE,BACON,JALAPENOS,JALAPENOS
2138865262239786805,November 23, 2015,Ann,Terry,29796,Juniper,Spring Field,New Cicily,MEAT,CHEESE,PEPPERONI,SAUSAGE,BACON
2138865262239786805,November 23, 2015,Ann,Terry,29796,Juniper,Spring Field,New Cicily,MEAT,CHEESE,PEPPERONI,SAUSAGE,BACON
2138865262239786806,November 23, 2015,Wayne,Arnold,11403,Sycamore,Spring Field,New Cicily,Spicy MEAT,CHEESE,PEPPERONI,SAUSAGE,BACON,JALAPENOS,JALAPENOS
2138865262239786806,November 23, 2015,Wayne,Arnold,11403,Sycamore,Spring Field,New Cicily,Spicy MEAT,CHEESE,PEPPERONI,SAUSAGE,BACON,JALAPENOS,JALAPENOS
2138865262239786807,November 23, 2015,Wayne,Jose,8756,Narragansett,Spring Field,New Cicily,Stinky,CHEESE,ONIONS,EXTRA_CHEESE,GREEN_PEPPERS,JALAPENOS,SAUSAGE
2138865262239786807,November 23, 2015,Wayne,Jose,8756,Narragansett,Spring Field,New Cicily,Stinky,CHEESE,ONIONS,EXTRA_CHEESE,GREEN_PEPPERS,JALAPENOS,SAUSAGE
2138865262239786807,November 23, 2015,Wayne,Jose,8756,Narragansett,Spring Field,New Cicily,Funky Medina,CHEESE,EXTRA_CHEESE,MUSHROOMS,ONIONS,SAUSAGE,BLACK_OLIVES,SARDINES
2138865262239786807,November 23, 2015,Wayne,Jose,8756,Narragansett,Spring Field,New Cicily,Funky Medina,CHEESE,EXTRA_CHEESE,MUSHROOMS,ONIONS,SAUSAGE,BLACK_OLIVES,SARDINES
2138865262239786808,November 23, 2015,John,Krista,5719,Aspen,Spring Field,New Cicily,Funky Medina,CHEESE,EXTRA_CHEESE,MUSHROOMS,ONIONS,SAUSAGE,BLACK_OLIVES,SARDINES
2138865262239786808,November 23, 2015,John,Krista,5719,Aspen,Spring Field,New Cicily,Big Green,ONIONS,BLACK_OLIVES,GREEN_PEPPERS,SPINACH,JALAPENOS,SARDINES
2138865262239786809,November 23, 2015,Hector,Erik,21964,Pleasant,Spring Field,New Cicily,Big Green,ONIONS,BLACK_OLIVES,GREEN_PEPPERS,SPINACH,JALAPENOS,SARDINES
2138865262239786809,November 23, 2015,Hector,Erik,21964,Pleasant,Spring Field,New Cicily,Spicy MEAT,CHEESE,PEPPERONI,SAUSAGE,BACON,JALAPENOS,JALAPENOS
2138865262239786809,November 23, 2015,Hector,Erik,21964,Pleasant,Spring Field,New Cicily,Spicy MEAT,CHEESE,PEPPERONI,SAUSAGE,BACON,JALAPENOS,JALAPENOS
2138865262239786810,November 23, 2015,Wayne,Reginald,14716,Ridge,Spring Field,New Cicily,Spicy MEAT,CHEESE,PEPPERONI,SAUSAGE,BACON,JALAPENOS,JALAPENOS
2138865262239786810,November 23, 2015,Wayne,Reginald,14716,Ridge,Spring Field,New Cicily,Stinky,CHEESE,ONIONS,EXTRA_CHEESE,GREEN_PEPPERS,JALAPENOS,SAUSAGE
2138865262239786811,November 23, 2015,John,Martha,21707,Sycamore,Spring Field,New Cicily,MEAT,CHEESE,PEPPERONI,SAUSAGE,BACON
2138865262239786812,November 23, 2015,Betty,Eric,1444,Shore,Spring Field,New Cicily,Stinky,CHEESE,ONIONS,EXTRA_CHEESE,GREEN_PEPPERS,JALAPENOS,SAUSAGE
2138865262239786812,November 23, 2015,Betty,Eric,1444,Shore,Spring Field,New Cicily,Big Green,ONIONS,BLACK_OLIVES,GREEN_PEPPERS,SPINACH,JALAPENOS,SARDINES
2138865262239786813,November 23, 2015,Hector,Edith,26232,Fifth,Spring Field,New Cicily,Spicy MEAT,CHEESE,PEPPERONI,SAUSAGE,BACON,JALAPENOS,JALAPENOS
2138865262239786813,November 23, 2015,Hector,Edith,26232,Fifth,Spring Field,New Cicily,Spicy MEAT,CHEESE,PEPPERONI,SAUSAGE,BACON,JALAPENOS,JALAPENOS
2138865262239786814,November 23, 2015,Brett,Jorge,28678,Juniper,Spring Field,New Cicily,Spicy MEAT,CHEESE,PEPPERONI,SAUSAGE,BACON,JALAPENOS,JALAPENOS
2138865262239786815,November 23, 2015,Ann,Ricky,7792,Sixth,Spring Field,New Cicily,Stinky,CHEESE,ONIONS,EXTRA_CHEESE,GREEN_PEPPERS,JALAPENOS,SAUSAGE
2138865262239786815,November 23, 2015,Ann,Ricky,7792,Sixth,Spring Field,New Cicily,Funky Medina,CHEESE,EXTRA_CHEESE,MUSHROOMS,ONIONS,SAUSAGE,BLACK_OLIVES,SARDINES
2138865262239786816,November 23, 2015,John,Peggy,11156,Lee,Spring Field,New Cicily,MEAT,CHEESE,PEPPERONI,SAUSAGE,BACON
2138865262239786816,November 23, 2015,John,Peggy,11156,Lee,Spring Field,New Cicily,Stinky,CHEESE,ONIONS,EXTRA_CHEESE,GREEN_PEPPERS,JALAPENOS,SAUSAGE
2138865262239786817,November 23, 2015,Elijah,Vincent,11506,Fifth,Spring Field,New Cicily,MEAT,CHEESE,PEPPERONI,SAUSAGE,BACON
2138865262239786818,November 23, 2015,Elijah,Philip,4384,Hemlock,Spring Field,New Cicily,Big Green,ONIONS,BLACK_OLIVES,GREEN_PEPPERS,SPINACH,JALAPENOS,SARDINES
2138865262239786818,November 23, 2015,Elijah,Philip,4384,Hemlock,Spring Field,New Cicily,Spicy MEAT,CHEESE,PEPPERONI,SAUSAGE,BACON,JALAPENOS,JALAPENOS
2138865262239786819,November 23, 2015,Elijah,Brian,18402,Mesquite,Spring Field,New Cicily,Funky Medina,CHEESE,EXTRA_CHEESE,MUSHROOMS,ONIONS,SAUSAGE,BLACK_OLIVES,SARDINES
2138865262239786820,November 23, 2015,Hector,Kyle,7140,Malulani,Spring Field,New Cicily,Funky Medina,CHEESE,EXTRA_CHEESE,MUSHROOMS,ONIONS,SAUSAGE,BLACK_OLIVES,SARDINES
2138865262239786821,November 23, 2015,Wayne,Ryan,22722,Evergreen,Spring Field,New Cicily,Funky Medina,CHEESE,EXTRA_CHEESE,MUSHROOMS,ONIONS,SAUSAGE,BLACK_OLIVES,SARDINES
2138865262239786821,November 23, 2015,Wayne,Ryan,22722,Evergreen,Spring Field,New Cicily,Spicy MEAT,CHEESE,PEPPERONI,SAUSAGE,BACON,JALAPENOS,JALAPENOS
2138865262239786821,November 23, 2015,Wayne,Ryan,22722,Evergreen,Spring Field,New Cicily,Stinky,CHEESE,ONIONS,EXTRA_CHEESE,GREEN_PEPPERS,JALAPENOS,SAUSAGE
2138865262239786822,November 23, 2015,Ann,Bruce,19262,Fourth,Spring Field,New Cicily,Big Green,ONIONS,BLACK_OLIVES,GREEN_PEPPERS,SPINACH,JALAPENOS,SARDINES
2138865262239786822,November 23, 2015,Ann,Bruce,19262,Fourth,Spring Field,New Cicily,MEAT,CHEESE,PEPPERONI,SAUSAGE,BACON
2138865262239786822,November 23, 2015,Ann,Bruce,19262,Fourth,Spring Field,New Cicily,Big Green,ONIONS,BLACK_OLIVES,GREEN_PEPPERS,SPINACH,JALAPENOS,SARDINES
2138865262239786823,November 23, 2015,Brett,Daisy,24156,Aloha,Spring Field,New Cicily,MEAT,CHEESE,PEPPERONI,SAUSAGE,BACON
2138865262239786823,November 23, 2015,Brett,Daisy,24156,Aloha,Spring Field,New Cicily,Stinky,CHEESE,ONIONS,EXTRA_CHEESE,GREEN_PEPPERS,JALAPENOS,SAUSAGE
2138865262239786823,November 23, 2015,Brett,Daisy,24156,Aloha,Spring Field,New Cicily,Spicy MEAT,CHEESE,PEPPERONI,SAUSAGE,BACON,JALAPENOS,JALAPENOS
2138865262239786824,November 23, 2015,Wayne,Keith,23440,Cypress,Spring Field,New Cicily,Stinky,CHEESE,ONIONS,EXTRA_CHEESE,GREEN_PEPPERS,JALAPENOS,SAUSAGE
2138865262239786825,November 23, 2015,Wayne,Cheryl,25341,S 400,Spring Field,New Cicily,Big Green,ONIONS,BLACK_OLIVES,GREEN_PEPPERS,SPINACH,JALAPENOS,SARDINES
2138865262239786826,November 23, 2015,Elijah,Eva,22957,Sycamore,Spring Field,New Cicily,Spicy MEAT,CHEESE,PEPPERONI,SAUSAGE,BACON,JALAPENOS,JALAPENOS
2138865262239786826,November 23, 2015,Elijah,Eva,22957,Sycamore,Spring Field,New Cicily,MEAT,CHEESE,PEPPERONI,SAUSAGE,BACON
2138865262239786827,November 24, 2015,Wayne,Stacy,8464,Lincoln,Spring Field,New Cicily,MEAT,CHEESE,PEPPERONI,SAUSAGE,BACON
2138865262239786828,November 24, 2015,Ann,Janice,2491,Wood,Spring Field,New Cicily,Spicy MEAT,CHEESE,PEPPERONI,SAUSAGE,BACON,JALAPENOS,JALAPENOS
2138865262239786828,November 24, 2015,Ann,Janice,2491,Wood,Spring Field,New Cicily,Spicy MEAT,CHEESE,PEPPERONI,SAUSAGE,BACON,JALAPENOS,JALAPENOS
2138865262239786828,November 24, 2015,Ann,Janice,2491,Wood,Spring Field,New Cicily,Big Green,ONIONS,BLACK_OLIVES,GREEN_PEPPERS,SPINACH,JALAPENOS,SARDINES
2138865262239786828,November 24, 2015,Ann,Janice,2491,Wood,Spring Field,New Cicily,Stinky,CHEESE,ONIONS,EXTRA_CHEESE,GREEN_PEPPERS,JALAPENOS,SAUSAGE
2138865262239786829,November 24, 2015,Ann,Ann,2275,Hillside,Spring Field,New Cicily,MEAT,CHEESE,PEPPERONI,SAUSAGE,BACON
2138865262239786829,November 24, 2015,Ann,Ann,2275,Hillside,Spring Field,New Cicily,Stinky,CHEESE,ONIONS,EXTRA_CHEESE,GREEN_PEPPERS,JALAPENOS,SAUSAGE
2138865262239786830,November 24, 2015,Betty,Alice,18273,Thirteenth,Spring Field,New Cicily,Spicy MEAT,CHEESE,PEPPERONI,SAUSAGE,BACON,JALAPENOS,JALAPENOS
2138865262239786830,November 24, 2015,Betty,Alice,18273,Thirteenth,Spring Field,New Cicily,Stinky,CHEESE,ONIONS,EXTRA_CHEESE,GREEN_PEPPERS,JALAPENOS,SAUSAGE
2138865262239786831,November 24, 2015,Wayne,Beth,22472,Lehua,Spring Field,New Cicily,Stinky,CHEESE,ONIONS,EXTRA_CHEESE,GREEN_PEPPERS,JALAPENOS,SAUSAGE
2138865262239786832,November 24, 2015,Elijah,Billy,12855,S 100,Spring Field,New Cicily,Stinky,CHEESE,ONIONS,EXTRA_CHEESE,GREEN_PEPPERS,JALAPENOS,SAUSAGE
2138865262239786832,November 24, 2015,Elijah,Billy,12855,S 100,Spring Field,New Cicily,Spicy MEAT,CHEESE,PEPPERONI,SAUSAGE,BACON,JALAPENOS,JALAPENOS
2138865262239786833,November 24, 2015,Wayne,Jeremy,19164,Laurel,Spring Field,New Cicily,Big Green,ONIONS,BLACK_OLIVES,GREEN_PEPPERS,SPINACH,JALAPENOS,SARDINES
2138865262239786833,November 24, 2015,Wayne,Jeremy,19164,Laurel,Spring Field,New Cicily,Spicy MEAT,CHEESE,PEPPERONI,SAUSAGE,BACON,JALAPENOS,JALAPENOS
2138865262239786833,November 24, 2015,Wayne,Jeremy,19164,Laurel,Spring Field,New Cicily,Stinky,CHEESE,ONIONS,EXTRA_CHEESE,GREEN_PEPPERS,JALAPENOS,SAUSAGE
2138865262239786834,November 24, 2015,Elijah,Jake,13883,Malulani,Spring Field,New Cicily,Big Green,ONIONS,BLACK_OLIVES,GREEN_PEPPERS,SPINACH,JALAPENOS,SARDINES
2138865262239786834,November 24, 2015,Elijah,Jake,13883,Malulani,Spring Field,New Cicily,Funky Medina,CHEESE,EXTRA_CHEESE,MUSHROOMS,ONIONS,SAUSAGE,BLACK_OLIVES,SARDINES
2138865262239786834,November 24, 2015,Elijah,Jake,13883,Malulani,Spring Field,New Cicily,Big Green,ONIONS,BLACK_OLIVES,GREEN_PEPPERS,SPINACH,JALAPENOS,SARDINES
2138865262239786835,November 24, 2015,John,Audrey,12230,Palo Verde,Spring Field,New Cicily,Stinky,CHEESE,ONIONS,EXTRA_CHEESE,GREEN_PEPPERS,JALAPENOS,SAUSAGE
2138865262239786835,November 24, 2015,John,Audrey,12230,Palo Verde,Spring Field,New Cicily,MEAT,CHEESE,PEPPERONI,SAUSAGE,BACON
2138865262239786836,November 24, 2015,Wayne,Erin,23236,Holly,Spring Field,New Cicily,Stinky,CHEESE,ONIONS,EXTRA_CHEESE,GREEN_PEPPERS,JALAPENOS,SAUSAGE
2138865262239786836,November 24, 2015,Wayne,Erin,23236,Holly,Spring Field,New Cicily,Big Green,ONIONS,BLACK_OLIVES,GREEN_PEPPERS,SPINACH,JALAPENOS,SARDINES
2138865262239786836,November 24, 2015,Wayne,Erin,23236,Holly,Spring Field,New Cicily,Big Green,ONIONS,BLACK_OLIVES,GREEN_PEPPERS,SPINACH,JALAPENOS,SARDINES
2138865262239786837,November 24, 2015,Hector,Suzanne,29239,Aloha,Spring Field,New Cicily,Big Green,ONIONS,BLACK_OLIVES,GREEN_PEPPERS,SPINACH,JALAPENOS,SARDINES
2138865262239786837,November 24, 2015,Hector,Suzanne,29239,Aloha,Spring Field,New Cicily,Spicy MEAT,CHEESE,PEPPERONI,SAUSAGE,BACON,JALAPENOS,JALAPENOS
2138865262239786837,November 24, 2015,Hector,Suzanne,29239,Aloha,Spring Field,New Cicily,Funky Medina,CHEESE,EXTRA_CHEESE,MUSHROOMS,ONIONS,SAUSAGE,BLACK_OLIVES,SARDINES
2138865262239786838,November 24, 2015,Annette,Cheryl,21182,Mesquite,Spring Field,New Cicily,Funky Medina,CHEESE,EXTRA_CHEESE,MUSHROOMS,ONIONS,SAUSAGE,BLACK_OLIVES,SARDINES
2138865262239786839,November 24, 2015,Hector,Mark,9140,Pecan,Spring Field,New Cicily,Spicy MEAT,CHEESE,PEPPERONI,SAUSAGE,BACON,JALAPENOS,JALAPENOS
2138865262239786839,November 24, 2015,Hector,Mark,9140,Pecan,Spring Field,New Cicily,Stinky,CHEESE,ONIONS,EXTRA_CHEESE,GREEN_PEPPERS,JALAPENOS,SAUSAGE
2138865262239786839,November 24, 2015,Hector,Mark,9140,Pecan,Spring Field,New Cicily,Funky Medina,CHEESE,EXTRA_CHEESE,MUSHROOMS,ONIONS,SAUSAGE,BLACK_OLIVES,SARDINES
2138865262239786840,November 24, 2015,Annette,Gilbert,974,Evergreen,Spring Field,New Cicily,Spicy MEAT,CHEESE,PEPPERONI,SAUSAGE,BACON,JALAPENOS,JALAPENOS
2138865262239786840,November 24, 2015,Annette,Gilbert,974,Evergreen,Spring Field,New Cicily,Big Green,ONIONS,BLACK_OLIVES,GREEN_PEPPERS,SPINACH,JALAPENOS,SARDINES
2138865262239786840,November 24, 2015,Annette,Gilbert,974,Evergreen,Spring Field,New Cicily,Stinky,CHEESE,ONIONS,EXTRA_CHEESE,GREEN_PEPPERS,JALAPENOS,SAUSAGE
2138865262239786841,November 24, 2015,Hector,Brayden,445,Eighth,Spring Field,New Cicily,Stinky,CHEESE,ONIONS,EXTRA_CHEESE,GREEN_PEPPERS,JALAPENOS,SAUSAGE
2138865262239786841,November 24, 2015,Hector,Brayden,445,Eighth,Spring Field,New Cicily,Big Green,ONIONS,BLACK_OLIVES,GREEN_PEPPERS,SPINACH,JALAPENOS,SARDINES
2138865262239786841,November 24, 2015,Hector,Brayden,445,Eighth,Spring Field,New Cicily,Funky Medina,CHEESE,EXTRA_CHEESE,MUSHROOMS,ONIONS,SAUSAGE,BLACK_OLIVES,SARDINES
2138865262239786842,November 24, 2015,Elijah,Kelly,7016,Ninth,Spring Field,New Cicily,Big Green,ONIONS,BLACK_OLIVES,GREEN_PEPPERS,SPINACH,JALAPENOS,SARDINES
2138865262239786842,November 24, 2015,Elijah,Kelly,7016,Ninth,Spring Field,New Cicily,Stinky,CHEESE,ONIONS,EXTRA_CHEESE,GREEN_PEPPERS,JALAPENOS,SAUSAGE
2138865262239786842,November 24, 2015,Elijah,Kelly,7016,Ninth,Spring Field,New Cicily,Funky Medina,CHEESE,EXTRA_CHEESE,MUSHROOMS,ONIONS,SAUSAGE,BLACK_OLIVES,SARDINES
2138865262239786842,November 24, 2015,Elijah,Kelly,7016,Ninth,Spring Field,New Cicily,Funky Medina,CHEESE,EXTRA_CHEESE,MUSHROOMS,ONIONS,SAUSAGE,BLACK_OLIVES,SARDINES
2138865262239786843,November 24, 2015,Hector,Andre,6295,Magnolia,Spring Field,New Cicily,MEAT,CHEESE,PEPPERONI,SAUSAGE,BACON
2138865262239786843,November 24, 2015,Hector,Andre,6295,Magnolia,Spring Field,New Cicily,Funky Medina,CHEESE,EXTRA_CHEESE,MUSHROOMS,ONIONS,SAUSAGE,BLACK_OLIVES,SARDINES
2138865262239786843,November 24, 2015,Hector,Andre,6295,Magnolia,Spring Field,New Cicily,Funky Medina,CHEESE,EXTRA_CHEESE,MUSHROOMS,ONIONS,SAUSAGE,BLACK_OLIVES,SARDINES
2138865262239786843,November 24, 2015,Hector,Andre,6295,Magnolia,Spring Field,New Cicily,Funky Medina,CHEESE,EXTRA_CHEESE,MUSHROOMS,ONIONS,SAUSAGE,BLACK_OLIVES,SARDINES
2138865262239786844,November 24, 2015,Elijah,Don,11159,Eleventh,Spring Field,New Cicily,MEAT,CHEESE,PEPPERONI,SAUSAGE,BACON
2138865262239786844,November 24, 2015,Elijah,Don,11159,Eleventh,Spring Field,New Cicily,Stinky,CHEESE,ONIONS,EXTRA_CHEESE,GREEN_PEPPERS,JALAPENOS,SAUSAGE
2138865262239786844,November 24, 2015,Elijah,Don,11159,Eleventh,Spring Field,New Cicily,Spicy MEAT,CHEESE,PEPPERONI,SAUSAGE,BACON,JALAPENOS,JALAPENOS
2138865262239786844,November 24, 2015,Elijah,Don,11159,Eleventh,Spring Field,New Cicily,Stinky,CHEESE,ONIONS,EXTRA_CHEESE,GREEN_PEPPERS,JALAPENOS,SAUSAGE
2138865262239786845,November 24, 2015,Betty,Mason,10217,Shore,Spring Field,New Cicily,Big Green,ONIONS,BLACK_OLIVES,GREEN_PEPPERS,SPINACH,JALAPENOS,SARDINES
2138865262239786845,November 24, 2015,Betty,Mason,10217,Shore,Spring Field,New Cicily,MEAT,CHEESE,PEPPERONI,SAUSAGE,BACON
2138865262239786845,November 24, 2015,Betty,Mason,10217,Shore,Spring Field,New Cicily,Spicy MEAT,CHEESE,PEPPERONI,SAUSAGE,BACON,JALAPENOS,JALAPENOS
2138865262239786846,November 24, 2015,Elijah,Holly,22434,Cottonwood,Spring Field,New Cicily,Spicy MEAT,CHEESE,PEPPERONI,SAUSAGE,BACON,JALAPENOS,JALAPENOS
2138865262239786847,November 24, 2015,Elijah,Kerry,1419,Highland,Spring Field,New Cicily,Stinky,CHEESE,ONIONS,EXTRA_CHEESE,GREEN_PEPPERS,JALAPENOS,SAUSAGE
2138865262239786848,November 24, 2015,Elijah,Elizabeth,29234,Juniper,Spring Field,New Cicily,Big Green,ONIONS,BLACK_OLIVES,GREEN_PEPPERS,SPINACH,JALAPENOS,SARDINES
2138865262239786848,November 24, 2015,Elijah,Elizabeth,29234,Juniper,Spring Field,New Cicily,MEAT,CHEESE,PEPPERONI,SAUSAGE,BACON
2138865262239786849,November 24, 2015,Hector,Troy,8628,Birch,Spring Field,New Cicily,Big Green,ONIONS,BLACK_OLIVES,GREEN_PEPPERS,SPINACH,JALAPENOS,SARDINES
2138865262239786849,November 24, 2015,Hector,Troy,8628,Birch,Spring Field,New Cicily,Funky Medina,CHEESE,EXTRA_CHEESE,MUSHROOMS,ONIONS,SAUSAGE,BLACK_OLIVES,SARDINES
2138865262239786849,November 24, 2015,Hector,Troy,8628,Birch,Spring Field,New Cicily,MEAT,CHEESE,PEPPERONI,SAUSAGE,BACON
2138865262239786849,November 24, 2015,Hector,Troy,8628,Birch,Spring Field,New Cicily,MEAT,CHEESE,PEPPERONI,SAUSAGE,BACON
2138865262239786850,November 24, 2015,Hector,Pamela,25045,Aloha,Spring Field,New Cicily,Stinky,CHEESE,ONIONS,EXTRA_CHEESE,GREEN_PEPPERS,JALAPENOS,SAUSAGE
2138865262239786850,November 24, 2015,Hector,Pamela,25045,Aloha,Spring Field,New Cicily,MEAT,CHEESE,PEPPERONI,SAUSAGE,BACON
2138865262239786851,November 24, 2015,Elijah,Logan,19164,Broadway,Spring Field,New Cicily,MEAT,CHEESE,PEPPERONI,SAUSAGE,BACON
2138865262239786851,November 24, 2015,Elijah,Logan,19164,Broadway,Spring Field,New Cicily,Stinky,CHEESE,ONIONS,EXTRA_CHEESE,GREEN_PEPPERS,JALAPENOS,SAUSAGE
2138865262239786852,November 24, 2015,John,Debra,5560,Johnson,Spring Field,New Cicily,Spicy MEAT,CHEESE,PEPPERONI,SAUSAGE,BACON,JALAPENOS,JALAPENOS
2138865262239786852,November 24, 2015,John,Debra,5560,Johnson,Spring Field,New Cicily,MEAT,CHEESE,PEPPERONI,SAUSAGE,BACON
2138865262239786852,November 24, 2015,John,Debra,5560,Johnson,Spring Field,New Cicily,Funky Medina,CHEESE,EXTRA_CHEESE,MUSHROOMS,ONIONS,SAUSAGE,BLACK_OLIVES,SARDINES
2138865262239786853,November 24, 2015,Betty,Andre,29260,Quail,Spring Field,New Cicily,MEAT,CHEESE,PEPPERONI,SAUSAGE,BACON
2138865262239786854,November 24, 2015,Elijah,Rick,4764,Hickory,Spring Field,New Cicily,Stinky,CHEESE,ONIONS,EXTRA_CHEESE,GREEN_PEPPERS,JALAPENOS,SAUSAGE
2138865262239786854,November 24, 2015,Elijah,Rick,4764,Hickory,Spring Field,New Cicily,Stinky,CHEESE,ONIONS,EXTRA_CHEESE,GREEN_PEPPERS,JALAPENOS,SAUSAGE
2138865262239786854,November 24, 2015,Elijah,Rick,4764,Hickory,Spring Field,New Cicily,MEAT,CHEESE,PEPPERONI,SAUSAGE,BACON
2138865262239786854,November 24, 2015,Elijah,Rick,4764,Hickory,Spring Field,New Cicily,Stinky,CHEESE,ONIONS,EXTRA_CHEESE,GREEN_PEPPERS,JALAPENOS,SAUSAGE
2138865262239786855,November 24, 2015,Wayne,Aaron,28218,Mountain View,Spring Field,New Cicily,Stinky,CHEESE,ONIONS,EXTRA_CHEESE,GREEN_PEPPERS,JALAPENOS,SAUSAGE
2138865262239786856,November 24, 2015,Wayne,Rosemary,13432,Sunset,Spring Field,New Cicily,MEAT,CHEESE,PEPPERONI,SAUSAGE,BACON
2138865262239786856,November 24, 2015,Wayne,Rosemary,13432,Sunset,Spring Field,New Cicily,Spicy MEAT,CHEESE,PEPPERONI,SAUSAGE,BACON,JALAPENOS,JALAPENOS
2138865262239786857,November 24, 2015,Wayne,Arthur,13931,River,Spring Field,New Cicily,Big Green,ONIONS,BLACK_OLIVES,GREEN_PEPPERS,SPINACH,JALAPENOS,SARDINES
2138865262239786857,November 24, 2015,Wayne,Arthur,13931,River,Spring Field,New Cicily,Funky Medina,CHEESE,EXTRA_CHEESE,MUSHROOMS,ONIONS,SAUSAGE,BLACK_OLIVES,SARDINES
2138865262239786857,November 24, 2015,Wayne,Arthur,13931,River,Spring Field,New Cicily,Funky Medina,CHEESE,EXTRA_CHEESE,MUSHROOMS,ONIONS,SAUSAGE,BLACK_OLIVES,SARDINES
2138865262239786858,November 24, 2015,Wayne,Rebecca,6145,Holly,Spring Field,New Cicily,Big Green,ONIONS,BLACK_OLIVES,GREEN_PEPPERS,SPINACH,JALAPENOS,SARDINES
2138865262239786858,November 24, 2015,Wayne,Rebecca,6145,Holly,Spring Field,New Cicily,Funky Medina,CHEESE,EXTRA_CHEESE,MUSHROOMS,ONIONS,SAUSAGE,BLACK_OLIVES,SARDINES
2138865262239786859,November 24, 2015,Wayne,Margaret,391,Eighth,Spring Field,New Cicily,Big Green,ONIONS,BLACK_OLIVES,GREEN_PEPPERS,SPINACH,JALAPENOS,SARDINES
2138865262239786860,November 24, 2015,Elijah,Arthur,20398,Eighth,Spring Field,New Cicily,Funky Medina,CHEESE,EXTRA_CHEESE,MUSHROOMS,ONIONS,SAUSAGE,BLACK_OLIVES,SARDINES
2138865262239786861,November 24, 2015,John,Brian,9789,Orchard,Spring Field,New Cicily,Stinky,CHEESE,ONIONS,EXTRA_CHEESE,GREEN_PEPPERS,JALAPENOS,SAUSAGE
2138865262239786861,November 24, 2015,John,Brian,9789,Orchard,Spring Field,New Cicily,Stinky,CHEESE,ONIONS,EXTRA_CHEESE,GREEN_PEPPERS,JALAPENOS,SAUSAGE
2138865262239786861,November 24, 2015,John,Brian,9789,Orchard,Spring Field,New Cicily,Big Green,ONIONS,BLACK_OLIVES,GREEN_PEPPERS,SPINACH,JALAPENOS,SARDINES
2138865262239786862,November 24, 2015,Hector,Walter,25219,Columbine,Spring Field,New Cicily,Spicy MEAT,CHEESE,PEPPERONI,SAUSAGE,BACON,JALAPENOS,JALAPENOS
2138865262239786862,November 24, 2015,Hector,Walter,25219,Columbine,Spring Field,New Cicily,MEAT,CHEESE,PEPPERONI,SAUSAGE,BACON
2138865262239786862,November 24, 2015,Hector,Walter,25219,Columbine,Spring Field,New Cicily,Stinky,CHEESE,ONIONS,EXTRA_CHEESE,GREEN_PEPPERS,JALAPENOS,SAUSAGE
2138865262239786863,November 24, 2015,Betty,Craig,676,Hampton,Spring Field,New Cicily,Spicy MEAT,CHEESE,PEPPERONI,SAUSAGE,BACON,JALAPENOS,JALAPENOS
2138865262239786863,November 24, 2015,Betty,Craig,676,Hampton,Spring Field,New Cicily,Stinky,CHEESE,ONIONS,EXTRA_CHEESE,GREEN_PEPPERS,JALAPENOS,SAUSAGE
2138865262239786863,November 24, 2015,Betty,Craig,676,Hampton,Spring Field,New Cicily,Stinky,CHEESE,ONIONS,EXTRA_CHEESE,GREEN_PEPPERS,JALAPENOS,SAUSAGE
2138865262239786863,November 24, 2015,Betty,Craig,676,Hampton,Spring Field,New Cicily,Spicy MEAT,CHEESE,PEPPERONI,SAUSAGE,BACON,JALAPENOS,JALAPENOS
2138865262239786864,November 24, 2015,Hector,Geoffrey,11208,West,Spring Field,New Cicily,Funky Medina,CHEESE,EXTRA_CHEESE,MUSHROOMS,ONIONS,SAUSAGE,BLACK_OLIVES,SARDINES
2138865262239786865,November 24, 2015,Wayne,Deanna,12779,Redwood,Spring Field,New Cicily,MEAT,CHEESE,PEPPERONI,SAUSAGE,BACON
2138865262239786865,November 24, 2015,Wayne,Deanna,12779,Redwood,Spring Field,New Cicily,Funky Medina,CHEESE,EXTRA_CHEESE,MUSHROOMS,ONIONS,SAUSAGE,BLACK_OLIVES,SARDINES
2138865262239786865,November 24, 2015,Wayne,Deanna,12779,Redwood,Spring Field,New Cicily,Spicy MEAT,CHEESE,PEPPERONI,SAUSAGE,BACON,JALAPENOS,JALAPENOS
2138865262239786866,November 24, 2015,Elijah,Maya,3039,Highland,Spring Field,New Cicily,Stinky,CHEESE,ONIONS,EXTRA_CHEESE,GREEN_PEPPERS,JALAPENOS,SAUSAGE
2138865262239786866,November 24, 2015,Elijah,Maya,3039,Highland,Spring Field,New Cicily,Stinky,CHEESE,ONIONS,EXTRA_CHEESE,GREEN_PEPPERS,JALAPENOS,SAUSAGE
2138865262239786867,November 24, 2015,Hector,Kathy,18589,Evergreen,Spring Field,New Cicily,Spicy MEAT,CHEESE,PEPPERONI,SAUSAGE,BACON,JALAPENOS,JALAPENOS
2138865262239786867,November 24, 2015,Hector,Kathy,18589,Evergreen,Spring Field,New Cicily,Funky Medina,CHEESE,EXTRA_CHEESE,MUSHROOMS,ONIONS,SAUSAGE,BLACK_OLIVES,SARDINES
2138865262239786867,November 24, 2015,Hector,Kathy,18589,Evergreen,Spring Field,New Cicily,Spicy MEAT,CHEESE,PEPPERONI,SAUSAGE,BACON,JALAPENOS,JALAPENOS
2138865262239786868,November 24, 2015,Betty,Matthew,420,Shore,Spring Field,New Cicily,Stinky,CHEESE,ONIONS,EXTRA_CHEESE,GREEN_PEPPERS,JALAPENOS,SAUSAGE
2138865262239786868,November 24, 2015,Betty,Matthew,420,Shore,Spring Field,New Cicily,Spicy MEAT,CHEESE,PEPPERONI,SAUSAGE,BACON,JALAPENOS,JALAPENOS
2138865262239786869,November 24, 2015,John,Theodore,19113,Sycamore,Spring Field,New Cicily,MEAT,CHEESE,PEPPERONI,SAUSAGE,BACON
2138865262239786869,November 24, 2015,John,Theodore,19113,Sycamore,Spring Field,New Cicily,Funky Medina,CHEESE,EXTRA_CHEESE,MUSHROOMS,ONIONS,SAUSAGE,BLACK_OLIVES,SARDINES
2138865262239786869,November 24, 2015,John,Theodore,19113,Sycamore,Spring Field,New Cicily,Big Green,ONIONS,BLACK_OLIVES,GREEN_PEPPERS,SPINACH,JALAPENOS,SARDINES
2138865262239786870,November 24, 2015,John,Carol,29058,Mountain View,Spring Field,New Cicily,Stinky,CHEESE,ONIONS,EXTRA_CHEESE,GREEN_PEPPERS,JALAPENOS,SAUSAGE
2138865262239786870,November 24, 2015,John,Carol,29058,Mountain View,Spring Field,New Cicily,Big Green,ONIONS,BLACK_OLIVES,GREEN_PEPPERS,SPINACH,JALAPENOS,SARDINES
2138865262239786871,November 25, 2015,Elijah,Zachary,22524,Ridge,Spring Field,New Cicily,Stinky,CHEESE,ONIONS,EXTRA_CHEESE,GREEN_PEPPERS,JALAPENOS,SAUSAGE
2138865262239786872,November 25, 2015,Hector,Sharon,14384,Lake,Spring Field,New Cicily,Stinky,CHEESE,ONIONS,EXTRA_CHEESE,GREEN_PEPPERS,JALAPENOS,SAUSAGE
2138865262239786872,November 25, 2015,Hector,Sharon,14384,Lake,Spring Field,New Cicily,MEAT,CHEESE,PEPPERONI,SAUSAGE,BACON
2138865262239786873,November 25, 2015,John,Jacqueline,9803,Shore,Spring Field,New Cicily,Funky Medina,CHEESE,EXTRA_CHEESE,MUSHROOMS,ONIONS,SAUSAGE,BLACK_OLIVES,SARDINES
2138865262239786873,November 25, 2015,John,Jacqueline,9803,Shore,Spring Field,New Cicily,Spicy MEAT,CHEESE,PEPPERONI,SAUSAGE,BACON,JALAPENOS,JALAPENOS
2138865262239786873,November 25, 2015,John,Jacqueline,9803,Shore,Spring Field,New Cicily,Big Green,ONIONS,BLACK_OLIVES,GREEN_PEPPERS,SPINACH,JALAPENOS,SARDINES
2138865262239786873,November 25, 2015,John,Jacqueline,9803,Shore,Spring Field,New Cicily,Spicy MEAT,CHEESE,PEPPERONI,SAUSAGE,BACON,JALAPENOS,JALAPENOS
2138865262239786874,November 25, 2015,Betty,Marilyn,15256,Aspen,Spring Field,New Cicily,Big Green,ONIONS,BLACK_OLIVES,GREEN_PEPPERS,SPINACH,JALAPENOS,SARDINES
2138865262239786875,November 25, 2015,Wayne,Daisy,24841,Washington,Spring Field,New Cicily,Spicy MEAT,CHEESE,PEPPERONI,SAUSAGE,BACON,JALAPENOS,JALAPENOS
2138865262239786876,November 25, 2015,Wayne,Andrew,10470,Birch,Spring Field,New Cicily,Funky Medina,CHEESE,EXTRA_CHEESE,MUSHROOMS,ONIONS,SAUSAGE,BLACK_OLIVES,SARDINES
2138865262239786876,November 25, 2015,Wayne,Andrew,10470,Birch,Spring Field,New Cicily,Funky Medina,CHEESE,EXTRA_CHEESE,MUSHROOMS,ONIONS,SAUSAGE,BLACK_OLIVES,SARDINES
2138865262239786876,November 25, 2015,Wayne,Andrew,10470,Birch,Spring Field,New Cicily,Stinky,CHEESE,ONIONS,EXTRA_CHEESE,GREEN_PEPPERS,JALAPENOS,SAUSAGE
2138865262239786877,November 25, 2015,John,Sally,4167,Oak,Spring Field,New Cicily,Big Green,ONIONS,BLACK_OLIVES,GREEN_PEPPERS,SPINACH,JALAPENOS,SARDINES
2138865262239786877,November 25, 2015,John,Sally,4167,Oak,Spring Field,New Cicily,Spicy MEAT,CHEESE,PEPPERONI,SAUSAGE,BACON,JALAPENOS,JALAPENOS
2138865262239786877,November 25, 2015,John,Sally,4167,Oak,Spring Field,New Cicily,Stinky,CHEESE,ONIONS,EXTRA_CHEESE,GREEN_PEPPERS,JALAPENOS,SAUSAGE
2138865262239786878,November 25, 2015,Betty,Karen,1879,Malulani,Spring Field,New Cicily,MEAT,CHEESE,PEPPERONI,SAUSAGE,BACON
2138865262239786878,November 25, 2015,Betty,Karen,1879,Malulani,Spring Field,New Cicily,Spicy MEAT,CHEESE,PEPPERONI,SAUSAGE,BACON,JALAPENOS,JALAPENOS
2138865262239786878,November 25, 2015,Betty,Karen,1879,Malulani,Spring Field,New Cicily,Big Green,ONIONS,BLACK_OLIVES,GREEN_PEPPERS,SPINACH,JALAPENOS,SARDINES
2138865262239786879,November 25, 2015,Wayne,Carl,23294,Pinon,Spring Field,New Cicily,Spicy MEAT,CHEESE,PEPPERONI,SAUSAGE,BACON,JALAPENOS,JALAPENOS
2138865262239786879,November 25, 2015,Wayne,Carl,23294,Pinon,Spring Field,New Cicily,Funky Medina,CHEESE,EXTRA_CHEESE,MUSHROOMS,ONIONS,SAUSAGE,BLACK_OLIVES,SARDINES
2138865262239786880,November 25, 2015,Denise,Jeffery,5024,Williams,Spring Field,New Cicily,Big Green,ONIONS,BLACK_OLIVES,GREEN_PEPPERS,SPINACH,JALAPENOS,SARDINES
2138865262239786881,November 25, 2015,Wayne,Shawn,11619,Evergreen,Spring Field,New Cicily,Big Green,ONIONS,BLACK_OLIVES,GREEN_PEPPERS,SPINACH,JALAPENOS,SARDINES
2138865262239786881,November 25, 2015,Wayne,Shawn,11619,Evergreen,Spring Field,New Cicily,Funky Medina,CHEESE,EXTRA_CHEESE,MUSHROOMS,ONIONS,SAUSAGE,BLACK_OLIVES,SARDINES
2138865262239786882,November 25, 2015,John,Samuel,6434,Fifth,Spring Field,New Cicily,Big Green,ONIONS,BLACK_OLIVES,GREEN_PEPPERS,SPINACH,JALAPENOS,SARDINES
2138865262239786882,November 25, 2015,John,Samuel,6434,Fifth,Spring Field,New Cicily,Spicy MEAT,CHEESE,PEPPERONI,SAUSAGE,BACON,JALAPENOS,JALAPENOS
2138865262239786883,November 25, 2015,Hector,Tara,21199,Apache,Spring Field,New Cicily,Spicy MEAT,CHEESE,PEPPERONI,SAUSAGE,BACON,JALAPENOS,JALAPENOS
2138865262239786883,November 25, 2015,Hector,Tara,21199,Apache,Spring Field,New Cicily,MEAT,CHEESE,PEPPERONI,SAUSAGE,BACON
2138865262239786883,November 25, 2015,Hector,Tara,21199,Apache,Spring Field,New Cicily,MEAT,CHEESE,PEPPERONI,SAUSAGE,BACON
2138865262239786884,November 25, 2015,Elijah,Kelly,18750,Hickory,Spring Field,New Cicily,Funky Medina,CHEESE,EXTRA_CHEESE,MUSHROOMS,ONIONS,SAUSAGE,BLACK_OLIVES,SARDINES
2138865262239786884,November 25, 2015,Elijah,Kelly,18750,Hickory,Spring Field,New Cicily,Stinky,CHEESE,ONIONS,EXTRA_CHEESE,GREEN_PEPPERS,JALAPENOS,SAUSAGE
2138865262239786884,November 25, 2015,Elijah,Kelly,18750,Hickory,Spring Field,New Cicily,Funky Medina,CHEESE,EXTRA_CHEESE,MUSHROOMS,ONIONS,SAUSAGE,BLACK_OLIVES,SARDINES
2138865262239786885,November 25, 2015,Elijah,Cheryl,21182,Mesquite,Spring Field,New Cicily,Funky Medina,CHEESE,EXTRA_CHEESE,MUSHROOMS,ONIONS,SAUSAGE,BLACK_OLIVES,SARDINES
2138865262239786886,November 25, 2015,Annette,Cory,25003,Spruce,Spring Field,New Cicily,Stinky,CHEESE,ONIONS,EXTRA_CHEESE,GREEN_PEPPERS,JALAPENOS,SAUSAGE
2138865262239786886,November 25, 2015,Annette,Cory,25003,Spruce,Spring Field,New Cicily,Big Green,ONIONS,BLACK_OLIVES,GREEN_PEPPERS,SPINACH,JALAPENOS,SARDINES
2138865262239786887,November 25, 2015,Wayne,Tommy,26723,First,Spring Field,New Cicily,Spicy MEAT,CHEESE,PEPPERONI,SAUSAGE,BACON,JALAPENOS,JALAPENOS
2138865262239786887,November 25, 2015,Wayne,Tommy,26723,First,Spring Field,New Cicily,Big Green,ONIONS,BLACK_OLIVES,GREEN_PEPPERS,SPINACH,JALAPENOS,SARDINES
2138865262239786888,November 25, 2015,Denise,Eileen,4149,Cherry,Spring Field,New Cicily,Funky Medina,CHEESE,EXTRA_CHEESE,MUSHROOMS,ONIONS,SAUSAGE,BLACK_OLIVES,SARDINES
2138865262239786888,November 25, 2015,Denise,Eileen,4149,Cherry,Spring Field,New Cicily,Big Green,ONIONS,BLACK_OLIVES,GREEN_PEPPERS,SPINACH,JALAPENOS,SARDINES
2138865262239786889,November 25, 2015,Wayne,Catherine,7997,Sunset,Spring Field,New Cicily,Spicy MEAT,CHEESE,PEPPERONI,SAUSAGE,BACON,JALAPENOS,JALAPENOS
2138865262239786890,November 25, 2015,Denise,Mindy,17790,Magnolia,Spring Field,New Cicily,Spicy MEAT,CHEESE,PEPPERONI,SAUSAGE,BACON,JALAPENOS,JALAPENOS
2138865262239786890,November 25, 2015,Denise,Mindy,17790,Magnolia,Spring Field,New Cicily,Stinky,CHEESE,ONIONS,EXTRA_CHEESE,GREEN_PEPPERS,JALAPENOS,SAUSAGE
2138865262239786891,November 25, 2015,Wayne,Anthony,16184,Delaware,Spring Field,New Cicily,Stinky,CHEESE,ONIONS,EXTRA_CHEESE,GREEN_PEPPERS,JALAPENOS,SAUSAGE
2138865262239786891,November 25, 2015,Wayne,Anthony,16184,Delaware,Spring Field,New Cicily,Spicy MEAT,CHEESE,PEPPERONI,SAUSAGE,BACON,JALAPENOS,JALAPENOS
2138865262239786891,November 25, 2015,Wayne,Anthony,16184,Delaware,Spring Field,New Cicily,Spicy MEAT,CHEESE,PEPPERONI,SAUSAGE,BACON,JALAPENOS,JALAPENOS
2138865262239786892,November 25, 2015,Annette,Anne,21513,Apache,Spring Field,New Cicily,MEAT,CHEESE,PEPPERONI,SAUSAGE,BACON
2138865262239786893,November 25, 2015,Elijah,Pamela,25045,Aloha,Spring Field,New Cicily,MEAT,CHEESE,PEPPERONI,SAUSAGE,BACON
2138865262239786894,November 25, 2015,Elijah,Angel,3923,Cypress,Spring Field,New Cicily,Big Green,ONIONS,BLACK_OLIVES,GREEN_PEPPERS,SPINACH,JALAPENOS,SARDINES
2138865262239786895,November 25, 2015,Betty,Ronald,23349,Lee,Spring Field,New Cicily,MEAT,CHEESE,PEPPERONI,SAUSAGE,BACON
2138865262239786896,November 25, 2015,John,Tammy,8953,Center,Spring Field,New Cicily,Stinky,CHEESE,ONIONS,EXTRA_CHEESE,GREEN_PEPPERS,JALAPENOS,SAUSAGE
2138865262239786897,November 25, 2015,Wayne,Stuart,29201,Pioneer,Spring Field,New Cicily,Big Green,ONIONS,BLACK_OLIVES,GREEN_PEPPERS,SPINACH,JALAPENOS,SARDINES
2138865262239786898,November 25, 2015,John,Arthur,28871,Fourth,Spring Field,New Cicily,Stinky,CHEESE,ONIONS,EXTRA_CHEESE,GREEN_PEPPERS,JALAPENOS,SAUSAGE
2138865262239786898,November 25, 2015,John,Arthur,28871,Fourth,Spring Field,New Cicily,Funky Medina,CHEESE,EXTRA_CHEESE,MUSHROOMS,ONIONS,SAUSAGE,BLACK_OLIVES,SARDINES
2138865262239786898,November 25, 2015,John,Arthur,28871,Fourth,Spring Field,New Cicily,Big Green,ONIONS,BLACK_OLIVES,GREEN_PEPPERS,SPINACH,JALAPENOS,SARDINES
2138865262239786899,November 25, 2015,Annette,Vernon,29757,Wood,Spring Field,New Cicily,Spicy MEAT,CHEESE,PEPPERONI,SAUSAGE,BACON,JALAPENOS,JALAPENOS
2138865262239786899,November 25, 2015,Annette,Vernon,29757,Wood,Spring Field,New Cicily,Stinky,CHEESE,ONIONS,EXTRA_CHEESE,GREEN_PEPPERS,JALAPENOS,SAUSAGE
2138865262239786899,November 25, 2015,Annette,Vernon,29757,Wood,Spring Field,New Cicily,MEAT,CHEESE,PEPPERONI,SAUSAGE,BACON
2138865262239786900,November 25, 2015,Wayne,Karen,21912,Pinon,Spring Field,New Cicily,Spicy MEAT,CHEESE,PEPPERONI,SAUSAGE,BACON,JALAPENOS,JALAPENOS
2138865262239786901,November 25, 2015,Denise,Diane,28617,Pecan,Spring Field,New Cicily,Stinky,CHEESE,ONIONS,EXTRA_CHEESE,GREEN_PEPPERS,JALAPENOS,SAUSAGE
2138865262239786901,November 25, 2015,Denise,Diane,28617,Pecan,Spring Field,New Cicily,Funky Medina,CHEESE,EXTRA_CHEESE,MUSHROOMS,ONIONS,SAUSAGE,BLACK_OLIVES,SARDINES
2138865262239786902,November 25, 2015,Wayne,Darrell,5646,Smith,Spring Field,New Cicily,Stinky,CHEESE,ONIONS,EXTRA_CHEESE,GREEN_PEPPERS,JALAPENOS,SAUSAGE
2138865262239786903,November 25, 2015,Annette,Edith,26232,Fifth,Spring Field,New Cicily,Spicy MEAT,CHEESE,PEPPERONI,SAUSAGE,BACON,JALAPENOS,JALAPENOS
2138865262239786903,November 25, 2015,Annette,Edith,26232,Fifth,Spring Field,New Cicily,Funky Medina,CHEESE,EXTRA_CHEESE,MUSHROOMS,ONIONS,SAUSAGE,BLACK_OLIVES,SARDINES
2138865262239786903,November 25, 2015,Annette,Edith,26232,Fifth,Spring Field,New Cicily,Big Green,ONIONS,BLACK_OLIVES,GREEN_PEPPERS,SPINACH,JALAPENOS,SARDINES
2138865262239786904,November 25, 2015,Betty,Jade,22433,S 100,Spring Field,New Cicily,Stinky,CHEESE,ONIONS,EXTRA_CHEESE,GREEN_PEPPERS,JALAPENOS,SAUSAGE
2138865262239786905,November 25, 2015,Betty,Clinton,24126,N 400,Spring Field,New Cicily,Spicy MEAT,CHEESE,PEPPERONI,SAUSAGE,BACON,JALAPENOS,JALAPENOS
2138865262239786905,November 25, 2015,Betty,Clinton,24126,N 400,Spring Field,New Cicily,MEAT,CHEESE,PEPPERONI,SAUSAGE,BACON
2138865262239786905,November 25, 2015,Betty,Clinton,24126,N 400,Spring Field,New Cicily,Funky Medina,CHEESE,EXTRA_CHEESE,MUSHROOMS,ONIONS,SAUSAGE,BLACK_OLIVES,SARDINES
2138865262239786906,November 25, 2015,Annette,Shelia,9032,Center,Spring Field,New Cicily,Spicy MEAT,CHEESE,PEPPERONI,SAUSAGE,BACON,JALAPENOS,JALAPENOS
2138865262239786906,November 25, 2015,Annette,Shelia,9032,Center,Spring Field,New Cicily,Stinky,CHEESE,ONIONS,EXTRA_CHEESE,GREEN_PEPPERS,JALAPENOS,SAUSAGE
2138865262239786906,November 25, 2015,Annette,Shelia,9032,Center,Spring Field,New Cicily,Funky Medina,CHEESE,EXTRA_CHEESE,MUSHROOMS,ONIONS,SAUSAGE,BLACK_OLIVES,SARDINES
2138865262239786907,November 25, 2015,Elijah,Michele,3323,Kansas,Spring Field,New Cicily,Big Green,ONIONS,BLACK_OLIVES,GREEN_PEPPERS,SPINACH,JALAPENOS,SARDINES
2138865262239786907,November 25, 2015,Elijah,Michele,3323,Kansas,Spring Field,New Cicily,Big Green,ONIONS,BLACK_OLIVES,GREEN_PEPPERS,SPINACH,JALAPENOS,SARDINES
2138865262239786908,November 25, 2015,Annette,Colin,25993,Center,Spring Field,New Cicily,MEAT,CHEESE,PEPPERONI,SAUSAGE,BACON
2138865262239786908,November 25, 2015,Annette,Colin,25993,Center,Spring Field,New Cicily,Spicy MEAT,CHEESE,PEPPERONI,SAUSAGE,BACON,JALAPENOS,JALAPENOS
2138865262239786908,November 25, 2015,Annette,Colin,25993,Center,Spring Field,New Cicily,Funky Medina,CHEESE,EXTRA_CHEESE,MUSHROOMS,ONIONS,SAUSAGE,BLACK_OLIVES,SARDINES
2138865262239786909,November 25, 2015,Wayne,Keith,9772,Meadow,Spring Field,New Cicily,MEAT,CHEESE,PEPPERONI,SAUSAGE,BACON
2138865262239786909,November 25, 2015,Wayne,Keith,9772,Meadow,Spring Field,New Cicily,Spicy MEAT,CHEESE,PEPPERONI,SAUSAGE,BACON,JALAPENOS,JALAPENOS
2138865262239786910,November 25, 2015,Wayne,Danielle,11320,Sunset,Spring Field,New Cicily,Stinky,CHEESE,ONIONS,EXTRA_CHEESE,GREEN_PEPPERS,JALAPENOS,SAUSAGE
2138865262239786910,November 25, 2015,Wayne,Danielle,11320,Sunset,Spring Field,New Cicily,MEAT,CHEESE,PEPPERONI,SAUSAGE,BACON
2138865262239786910,November 25, 2015,Wayne,Danielle,11320,Sunset,Spring Field,New Cicily,Spicy MEAT,CHEESE,PEPPERONI,SAUSAGE,BACON,JALAPENOS,JALAPENOS
2138865262239786911,November 25, 2015,Elijah,Darius,20909,Church,Spring Field,New Cicily,Stinky,CHEESE,ONIONS,EXTRA_CHEESE,GREEN_PEPPERS,JALAPENOS,SAUSAGE
2138865262239786911,November 25, 2015,Elijah,Darius,20909,Church,Spring Field,New Cicily,Spicy MEAT,CHEESE,PEPPERONI,SAUSAGE,BACON,JALAPENOS,JALAPENOS
2138865262239786912,November 25, 2015,John,Monica,15969,Laurel,Spring Field,New Cicily,Spicy MEAT,CHEESE,PEPPERONI,SAUSAGE,BACON,JALAPENOS,JALAPENOS
2138865262239786912,November 25, 2015,John,Monica,15969,Laurel,Spring Field,New Cicily,Funky Medina,CHEESE,EXTRA_CHEESE,MUSHROOMS,ONIONS,SAUSAGE,BLACK_OLIVES,SARDINES
2138865262239786913,November 25, 2015,Annette,Kristopher,5985,Pioneer,Spring Field,New Cicily,Big Green,ONIONS,BLACK_OLIVES,GREEN_PEPPERS,SPINACH,JALAPENOS,SARDINES
2138865262239786914,November 25, 2015,John,Dwayne,26238,Cypress,Spring Field,New Cicily,Stinky,CHEESE,ONIONS,EXTRA_CHEESE,GREEN_PEPPERS,JALAPENOS,SAUSAGE
2138865262239786914,November 25, 2015,John,Dwayne,26238,Cypress,Spring Field,New Cicily,Funky Medina,CHEESE,EXTRA_CHEESE,MUSHROOMS,ONIONS,SAUSAGE,BLACK_OLIVES,SARDINES
2138865262239786915,November 25, 2015,John,Rachel,19525,Bay,Spring Field,New Cicily,Funky Medina,CHEESE,EXTRA_CHEESE,MUSHROOMS,ONIONS,SAUSAGE,BLACK_OLIVES,SARDINES
2138865262239786916,November 25, 2015,Wayne,April,8364,Lakeview,Spring Field,New Cicily,Spicy MEAT,CHEESE,PEPPERONI,SAUSAGE,BACON,JALAPENOS,JALAPENOS
2138865262239786917,November 25, 2015,Denise,Jeffery,8450,Malulani,Spring Field,New Cicily,MEAT,CHEESE,PEPPERONI,SAUSAGE,BACON
2138865262239786917,November 25, 2015,Denise,Jeffery,8450,Malulani,Spring Field,New Cicily,Big Green,ONIONS,BLACK_OLIVES,GREEN_PEPPERS,SPINACH,JALAPENOS,SARDINES
2138865262239786918,November 25, 2015,Wayne,Reginald,10856,Main,Spring Field,New Cicily,Funky Medina,CHEESE,EXTRA_CHEESE,MUSHROOMS,ONIONS,SAUSAGE,BLACK_OLIVES,SARDINES
2138865262239786918,November 25, 2015,Wayne,Reginald,10856,Main,Spring Field,New Cicily,Stinky,CHEESE,ONIONS,EXTRA_CHEESE,GREEN_PEPPERS,JALAPENOS,SAUSAGE
2138865262239786918,November 25, 2015,Wayne,Reginald,10856,Main,Spring Field,New Cicily,Funky Medina,CHEESE,EXTRA_CHEESE,MUSHROOMS,ONIONS,SAUSAGE,BLACK_OLIVES,SARDINES
2138865262239786919,November 25, 2015,Betty,Manuel,28286,Laurel,Spring Field,New Cicily,Stinky,CHEESE,ONIONS,EXTRA_CHEESE,GREEN_PEPPERS,JALAPENOS,SAUSAGE
2138865262239786920,November 25, 2015,Wayne,Johnathan,18683,Center,Spring Field,New Cicily,Stinky,CHEESE,ONIONS,EXTRA_CHEESE,GREEN_PEPPERS,JALAPENOS,SAUSAGE
2138865262239786920,November 25, 2015,Wayne,Johnathan,18683,Center,Spring Field,New Cicily,Funky Medina,CHEESE,EXTRA_CHEESE,MUSHROOMS,ONIONS,SAUSAGE,BLACK_OLIVES,SARDINES
2138865262239786920,November 25, 2015,Wayne,Johnathan,18683,Center,Spring Field,New Cicily,Funky Medina,CHEESE,EXTRA_CHEESE,MUSHROOMS,ONIONS,SAUSAGE,BLACK_OLIVES,SARDINES
2138865262239786921,November 26, 2015,Elijah,Janice,17875,Narragansett,Spring Field,New Cicily,Big Green,ONIONS,BLACK_OLIVES,GREEN_PEPPERS,SPINACH,JALAPENOS,SARDINES
2138865262239786922,November 26, 2015,Denise,Cynthia,6004,Airport,Spring Field,New Cicily,Big Green,ONIONS,BLACK_OLIVES,GREEN_PEPPERS,SPINACH,JALAPENOS,SARDINES
2138865262239786923,November 26, 2015,Julie,Elaine,20144,Ridge,Spring Field,New Cicily,Spicy MEAT,CHEESE,PEPPERONI,SAUSAGE,BACON,JALAPENOS,JALAPENOS
2138865262239786923,November 26, 2015,Julie,Elaine,20144,Ridge,Spring Field,New Cicily,Big Green,ONIONS,BLACK_OLIVES,GREEN_PEPPERS,SPINACH,JALAPENOS,SARDINES
2138865262239786924,November 26, 2015,Julie,Evelyn,23138,Pleasant,Spring Field,New Cicily,Funky Medina,CHEESE,EXTRA_CHEESE,MUSHROOMS,ONIONS,SAUSAGE,BLACK_OLIVES,SARDINES
2138865262239786924,November 26, 2015,Julie,Evelyn,23138,Pleasant,Spring Field,New Cicily,MEAT,CHEESE,PEPPERONI,SAUSAGE,BACON
2138865262239786924,November 26, 2015,Julie,Evelyn,23138,Pleasant,Spring Field,New Cicily,Stinky,CHEESE,ONIONS,EXTRA_CHEESE,GREEN_PEPPERS,JALAPENOS,SAUSAGE
2138865262239786925,November 26, 2015,Elijah,Emily,12529,Holly,Spring Field,New Cicily,Spicy MEAT,CHEESE,PEPPERONI,SAUSAGE,BACON,JALAPENOS,JALAPENOS
2138865262239786925,November 26, 2015,Elijah,Emily,12529,Holly,Spring Field,New Cicily,Spicy MEAT,CHEESE,PEPPERONI,SAUSAGE,BACON,JALAPENOS,JALAPENOS
2138865262239786926,November 26, 2015,Denise,Gabrielle,26474,Holly,Spring Field,New Cicily,Big Green,ONIONS,BLACK_OLIVES,GREEN_PEPPERS,SPINACH,JALAPENOS,SARDINES
2138865262239786926,November 26, 2015,Denise,Gabrielle,26474,Holly,Spring Field,New Cicily,Funky Medina,CHEESE,EXTRA_CHEESE,MUSHROOMS,ONIONS,SAUSAGE,BLACK_OLIVES,SARDINES
2138865262239786927,November 26, 2015,Elijah,Louis,18451,First,Spring Field,New Cicily,Spicy MEAT,CHEESE,PEPPERONI,SAUSAGE,BACON,JALAPENOS,JALAPENOS
2138865262239786927,November 26, 2015,Elijah,Louis,18451,First,Spring Field,New Cicily,Spicy MEAT,CHEESE,PEPPERONI,SAUSAGE,BACON,JALAPENOS,JALAPENOS
2138865262239786927,November 26, 2015,Elijah,Louis,18451,First,Spring Field,New Cicily,Stinky,CHEESE,ONIONS,EXTRA_CHEESE,GREEN_PEPPERS,JALAPENOS,SAUSAGE
2138865262239786927,November 26, 2015,Elijah,Louis,18451,First,Spring Field,New Cicily,Stinky,CHEESE,ONIONS,EXTRA_CHEESE,GREEN_PEPPERS,JALAPENOS,SAUSAGE
2138865262239786928,November 26, 2015,Wayne,Rachel,9072,Aspen,Spring Field,New Cicily,Big Green,ONIONS,BLACK_OLIVES,GREEN_PEPPERS,SPINACH,JALAPENOS,SARDINES
2138865262239786928,November 26, 2015,Wayne,Rachel,9072,Aspen,Spring Field,New Cicily,Funky Medina,CHEESE,EXTRA_CHEESE,MUSHROOMS,ONIONS,SAUSAGE,BLACK_OLIVES,SARDINES
2138865262239786928,November 26, 2015,Wayne,Rachel,9072,Aspen,Spring Field,New Cicily,Big Green,ONIONS,BLACK_OLIVES,GREEN_PEPPERS,SPINACH,JALAPENOS,SARDINES
2138865262239786929,November 26, 2015,Hector,Joan,29976,Shore,Spring Field,New Cicily,Big Green,ONIONS,BLACK_OLIVES,GREEN_PEPPERS,SPINACH,JALAPENOS,SARDINES
2138865262239786929,November 26, 2015,Hector,Joan,29976,Shore,Spring Field,New Cicily,Funky Medina,CHEESE,EXTRA_CHEESE,MUSHROOMS,ONIONS,SAUSAGE,BLACK_OLIVES,SARDINES
2138865262239786930,November 26, 2015,Elijah,Darlene,742,Narragansett,Spring Field,New Cicily,MEAT,CHEESE,PEPPERONI,SAUSAGE,BACON
2138865262239786930,November 26, 2015,Elijah,Darlene,742,Narragansett,Spring Field,New Cicily,MEAT,CHEESE,PEPPERONI,SAUSAGE,BACON
2138865262239786930,November 26, 2015,Elijah,Darlene,742,Narragansett,Spring Field,New Cicily,Funky Medina,CHEESE,EXTRA_CHEESE,MUSHROOMS,ONIONS,SAUSAGE,BLACK_OLIVES,SARDINES
2138865262239786931,November 26, 2015,Elijah,Cheryl,9717,Willow,Spring Field,New Cicily,Stinky,CHEESE,ONIONS,EXTRA_CHEESE,GREEN_PEPPERS,JALAPENOS,SAUSAGE
2138865262239786931,November 26, 2015,Elijah,Cheryl,9717,Willow,Spring Field,New Cicily,MEAT,CHEESE,PEPPERONI,SAUSAGE,BACON
2138865262239786932,November 26, 2015,Hector,Jillian,23360,Twelfth,Spring Field,New Cicily,MEAT,CHEESE,PEPPERONI,SAUSAGE,BACON
2138865262239786932,November 26, 2015,Hector,Jillian,23360,Twelfth,Spring Field,New Cicily,MEAT,CHEESE,PEPPERONI,SAUSAGE,BACON
2138865262239786933,November 26, 2015,Elijah,Jason,28806,Evergreen,Spring Field,New Cicily,Spicy MEAT,CHEESE,PEPPERONI,SAUSAGE,BACON,JALAPENOS,JALAPENOS
2138865262239786933,November 26, 2015,Elijah,Jason,28806,Evergreen,Spring Field,New Cicily,Big Green,ONIONS,BLACK_OLIVES,GREEN_PEPPERS,SPINACH,JALAPENOS,SARDINES
2138865262239786933,November 26, 2015,Elijah,Jason,28806,Evergreen,Spring Field,New Cicily,Big Green,ONIONS,BLACK_OLIVES,GREEN_PEPPERS,SPINACH,JALAPENOS,SARDINES
2138865262239786934,November 26, 2015,Hector,Johnnie,18764,Wilson,Spring Field,New Cicily,Stinky,CHEESE,ONIONS,EXTRA_CHEESE,GREEN_PEPPERS,JALAPENOS,SAUSAGE
2138865262239786934,November 26, 2015,Hector,Johnnie,18764,Wilson,Spring Field,New Cicily,MEAT,CHEESE,PEPPERONI,SAUSAGE,BACON
2138865262239786934,November 26, 2015,Hector,Johnnie,18764,Wilson,Spring Field,New Cicily,MEAT,CHEESE,PEPPERONI,SAUSAGE,BACON
2138865262239786934,November 26, 2015,Hector,Johnnie,18764,Wilson,Spring Field,New Cicily,MEAT,CHEESE,PEPPERONI,SAUSAGE,BACON
2138865262239786935,November 26, 2015,Betty,Cecil,29767,Maple,Spring Field,New Cicily,Stinky,CHEESE,ONIONS,EXTRA_CHEESE,GREEN_PEPPERS,JALAPENOS,SAUSAGE
2138865262239786935,November 26, 2015,Betty,Cecil,29767,Maple,Spring Field,New Cicily,Big Green,ONIONS,BLACK_OLIVES,GREEN_PEPPERS,SPINACH,JALAPENOS,SARDINES
2138865262239786935,November 26, 2015,Betty,Cecil,29767,Maple,Spring Field,New Cicily,MEAT,CHEESE,PEPPERONI,SAUSAGE,BACON
2138865262239786936,November 26, 2015,Betty,Meredith,9782,Lake,Spring Field,New Cicily,Big Green,ONIONS,BLACK_OLIVES,GREEN_PEPPERS,SPINACH,JALAPENOS,SARDINES
2138865262239786937,November 26, 2015,John,Doris,1666,Mountain View,Spring Field,New Cicily,MEAT,CHEESE,PEPPERONI,SAUSAGE,BACON
2138865262239786938,November 26, 2015,Betty,Jerry,15550,Johnson,Spring Field,New Cicily,MEAT,CHEESE,PEPPERONI,SAUSAGE,BACON
2138865262239786938,November 26, 2015,Betty,Jerry,15550,Johnson,Spring Field,New Cicily,Big Green,ONIONS,BLACK_OLIVES,GREEN_PEPPERS,SPINACH,JALAPENOS,SARDINES
2138865262239786938,November 26, 2015,Betty,Jerry,15550,Johnson,Spring Field,New Cicily,Funky Medina,CHEESE,EXTRA_CHEESE,MUSHROOMS,ONIONS,SAUSAGE,BLACK_OLIVES,SARDINES
2138865262239786939,November 26, 2015,Betty,Molly,15657,Shore,Spring Field,New Cicily,Stinky,CHEESE,ONIONS,EXTRA_CHEESE,GREEN_PEPPERS,JALAPENOS,SAUSAGE
2138865262239786940,November 26, 2015,Wayne,Kimberly,21773,Pioneer,Spring Field,New Cicily,Stinky,CHEESE,ONIONS,EXTRA_CHEESE,GREEN_PEPPERS,JALAPENOS,SAUSAGE
2138865262239786940,November 26, 2015,Wayne,Kimberly,21773,Pioneer,Spring Field,New Cicily,MEAT,CHEESE,PEPPERONI,SAUSAGE,BACON
2138865262239786940,November 26, 2015,Wayne,Kimberly,21773,Pioneer,Spring Field,New Cicily,MEAT,CHEESE,PEPPERONI,SAUSAGE,BACON
2138865262239786940,November 26, 2015,Wayne,Kimberly,21773,Pioneer,Spring Field,New Cicily,Big Green,ONIONS,BLACK_OLIVES,GREEN_PEPPERS,SPINACH,JALAPENOS,SARDINES
2138865262239786941,November 26, 2015,Denise,Anthony,16184,Delaware,Spring Field,New Cicily,Big Green,ONIONS,BLACK_OLIVES,GREEN_PEPPERS,SPINACH,JALAPENOS,SARDINES
2138865262239786942,November 26, 2015,Elijah,Angela,20162,Birch,Spring Field,New Cicily,MEAT,CHEESE,PEPPERONI,SAUSAGE,BACON
2138865262239786942,November 26, 2015,Elijah,Angela,20162,Birch,Spring Field,New Cicily,Big Green,ONIONS,BLACK_OLIVES,GREEN_PEPPERS,SPINACH,JALAPENOS,SARDINES
2138865262239786943,November 26, 2015,John,Brianna,12262,Smith,Spring Field,New Cicily,Stinky,CHEESE,ONIONS,EXTRA_CHEESE,GREEN_PEPPERS,JALAPENOS,SAUSAGE
2138865262239786943,November 26, 2015,John,Brianna,12262,Smith,Spring Field,New Cicily,Funky Medina,CHEESE,EXTRA_CHEESE,MUSHROOMS,ONIONS,SAUSAGE,BLACK_OLIVES,SARDINES
2138865262239786943,November 26, 2015,John,Brianna,12262,Smith,Spring Field,New Cicily,MEAT,CHEESE,PEPPERONI,SAUSAGE,BACON
2138865262239786943,November 26, 2015,John,Brianna,12262,Smith,Spring Field,New Cicily,MEAT,CHEESE,PEPPERONI,SAUSAGE,BACON
2138865262239786944,November 26, 2015,Wayne,Chris,19720,Palo Verde,Spring Field,New Cicily,Big Green,ONIONS,BLACK_OLIVES,GREEN_PEPPERS,SPINACH,JALAPENOS,SARDINES
2138865262239786944,November 26, 2015,Wayne,Chris,19720,Palo Verde,Spring Field,New Cicily,Funky Medina,CHEESE,EXTRA_CHEESE,MUSHROOMS,ONIONS,SAUSAGE,BLACK_OLIVES,SARDINES
2138865262239786944,November 26, 2015,Wayne,Chris,19720,Palo Verde,Spring Field,New Cicily,Funky Medina,CHEESE,EXTRA_CHEESE,MUSHROOMS,ONIONS,SAUSAGE,BLACK_OLIVES,SARDINES
2138865262239786944,November 26, 2015,Wayne,Chris,19720,Palo Verde,Spring Field,New Cicily,Funky Medina,CHEESE,EXTRA_CHEESE,MUSHROOMS,ONIONS,SAUSAGE,BLACK_OLIVES,SARDINES
2138865262239786945,November 26, 2015,John,Kelly,29169,Sixth,Spring Field,New Cicily,Spicy MEAT,CHEESE,PEPPERONI,SAUSAGE,BACON,JALAPENOS,JALAPENOS
2138865262239786945,November 26, 2015,John,Kelly,29169,Sixth,Spring Field,New Cicily,Stinky,CHEESE,ONIONS,EXTRA_CHEESE,GREEN_PEPPERS,JALAPENOS,SAUSAGE
2138865262239786945,November 26, 2015,John,Kelly,29169,Sixth,Spring Field,New Cicily,Stinky,CHEESE,ONIONS,EXTRA_CHEESE,GREEN_PEPPERS,JALAPENOS,SAUSAGE
2138865262239786945,November 26, 2015,John,Kelly,29169,Sixth,Spring Field,New Cicily,MEAT,CHEESE,PEPPERONI,SAUSAGE,BACON
2138865262239786946,November 26, 2015,Julie,Devin,9966,A,Spring Field,New Cicily,Big Green,ONIONS,BLACK_OLIVES,GREEN_PEPPERS,SPINACH,JALAPENOS,SARDINES
2138865262239786946,November 26, 2015,Julie,Devin,9966,A,Spring Field,New Cicily,MEAT,CHEESE,PEPPERONI,SAUSAGE,BACON
2138865262239786947,November 26, 2015,Denise,Robert,21296,Lincoln,Spring Field,New Cicily,Funky Medina,CHEESE,EXTRA_CHEESE,MUSHROOMS,ONIONS,SAUSAGE,BLACK_OLIVES,SARDINES
2138865262239786948,November 26, 2015,Elijah,Earnest,13169,Evergreen,Spring Field,New Cicily,Funky Medina,CHEESE,EXTRA_CHEESE,MUSHROOMS,ONIONS,SAUSAGE,BLACK_OLIVES,SARDINES
2138865262239786949,November 26, 2015,Julie,Preston,17840,West,Spring Field,New Cicily,Stinky,CHEESE,ONIONS,EXTRA_CHEESE,GREEN_PEPPERS,JALAPENOS,SAUSAGE
2138865262239786949,November 26, 2015,Julie,Preston,17840,West,Spring Field,New Cicily,Funky Medina,CHEESE,EXTRA_CHEESE,MUSHROOMS,ONIONS,SAUSAGE,BLACK_OLIVES,SARDINES
2138865262239786950,November 26, 2015,Denise,April,21506,Pinon,Spring Field,New Cicily,Big Green,ONIONS,BLACK_OLIVES,GREEN_PEPPERS,SPINACH,JALAPENOS,SARDINES
2138865262239786950,November 26, 2015,Denise,April,21506,Pinon,Spring Field,New Cicily,Big Green,ONIONS,BLACK_OLIVES,GREEN_PEPPERS,SPINACH,JALAPENOS,SARDINES
2138865262239786950,November 26, 2015,Denise,April,21506,Pinon,Spring Field,New Cicily,Funky Medina,CHEESE,EXTRA_CHEESE,MUSHROOMS,ONIONS,SAUSAGE,BLACK_OLIVES,SARDINES
2138865262239786950,November 26, 2015,Denise,April,21506,Pinon,Spring Field,New Cicily,Funky Medina,CHEESE,EXTRA_CHEESE,MUSHROOMS,ONIONS,SAUSAGE,BLACK_OLIVES,SARDINES
2138865262239786951,November 26, 2015,Denise,Brittany,20006,Malulani,Spring Field,New Cicily,Spicy MEAT,CHEESE,PEPPERONI,SAUSAGE,BACON,JALAPENOS,JALAPENOS
2138865262239786951,November 26, 2015,Denise,Brittany,20006,Malulani,Spring Field,New Cicily,Spicy MEAT,CHEESE,PEPPERONI,SAUSAGE,BACON,JALAPENOS,JALAPENOS
2138865262239786952,November 26, 2015,Betty,Willard,16562,Third,Spring Field,New Cicily,Stinky,CHEESE,ONIONS,EXTRA_CHEESE,GREEN_PEPPERS,JALAPENOS,SAUSAGE
2138865262239786952,November 26, 2015,Betty,Willard,16562,Third,Spring Field,New Cicily,Big Green,ONIONS,BLACK_OLIVES,GREEN_PEPPERS,SPINACH,JALAPENOS,SARDINES
2138865262239786953,November 26, 2015,Wayne,Andre,8446,Apache,Spring Field,New Cicily,Stinky,CHEESE,ONIONS,EXTRA_CHEESE,GREEN_PEPPERS,JALAPENOS,SAUSAGE
2138865262239786953,November 26, 2015,Wayne,Andre,8446,Apache,Spring Field,New Cicily,Big Green,ONIONS,BLACK_OLIVES,GREEN_PEPPERS,SPINACH,JALAPENOS,SARDINES
2138865262239786954,November 26, 2015,Elijah,Derrick,23715,Third,Spring Field,New Cicily,Big Green,ONIONS,BLACK_OLIVES,GREEN_PEPPERS,SPINACH,JALAPENOS,SARDINES
2138865262239786954,November 26, 2015,Elijah,Derrick,23715,Third,Spring Field,New Cicily,Big Green,ONIONS,BLACK_OLIVES,GREEN_PEPPERS,SPINACH,JALAPENOS,SARDINES
2138865262239786955,November 26, 2015,Denise,Esther,18681,Malulani,Spring Field,New Cicily,Big Green,ONIONS,BLACK_OLIVES,GREEN_PEPPERS,SPINACH,JALAPENOS,SARDINES
2138865262239786955,November 26, 2015,Denise,Esther,18681,Malulani,Spring Field,New Cicily,MEAT,CHEESE,PEPPERONI,SAUSAGE,BACON
2138865262239786956,November 26, 2015,Betty,Paula,1945,Hickory,Spring Field,New Cicily,Funky Medina,CHEESE,EXTRA_CHEESE,MUSHROOMS,ONIONS,SAUSAGE,BLACK_OLIVES,SARDINES
2138865262239786956,November 26, 2015,Betty,Paula,1945,Hickory,Spring Field,New Cicily,Funky Medina,CHEESE,EXTRA_CHEESE,MUSHROOMS,ONIONS,SAUSAGE,BLACK_OLIVES,SARDINES
2138865262239786957,November 26, 2015,Julie,Elaine,12580,Lee,Spring Field,New Cicily,MEAT,CHEESE,PEPPERONI,SAUSAGE,BACON
2138865262239786957,November 26, 2015,Julie,Elaine,12580,Lee,Spring Field,New Cicily,Stinky,CHEESE,ONIONS,EXTRA_CHEESE,GREEN_PEPPERS,JALAPENOS,SAUSAGE
2138865262239786957,November 26, 2015,Julie,Elaine,12580,Lee,Spring Field,New Cicily,Big Green,ONIONS,BLACK_OLIVES,GREEN_PEPPERS,SPINACH,JALAPENOS,SARDINES
2138865262239786958,November 26, 2015,Wayne,Rodney,10096,Kansas,Spring Field,New Cicily,MEAT,CHEESE,PEPPERONI,SAUSAGE,BACON
2138865262239786958,November 26, 2015,Wayne,Rodney,10096,Kansas,Spring Field,New Cicily,Big Green,ONIONS,BLACK_OLIVES,GREEN_PEPPERS,SPINACH,JALAPENOS,SARDINES
2138865262239786959,November 26, 2015,Julie,Dale,4159,Pinon,Spring Field,New Cicily,Stinky,CHEESE,ONIONS,EXTRA_CHEESE,GREEN_PEPPERS,JALAPENOS,SAUSAGE
2138865262239786959,November 26, 2015,Julie,Dale,4159,Pinon,Spring Field,New Cicily,Spicy MEAT,CHEESE,PEPPERONI,SAUSAGE,BACON,JALAPENOS,JALAPENOS
2138865262239786960,November 26, 2015,Wayne,Abigail,15293,Cedar,Spring Field,New Cicily,Spicy MEAT,CHEESE,PEPPERONI,SAUSAGE,BACON,JALAPENOS,JALAPENOS
2138865262239786960,November 26, 2015,Wayne,Abigail,15293,Cedar,Spring Field,New Cicily,Stinky,CHEESE,ONIONS,EXTRA_CHEESE,GREEN_PEPPERS,JALAPENOS,SAUSAGE
2138865262239786961,November 26, 2015,Denise,Tony,7012,Cottonwood,Spring Field,New Cicily,MEAT,CHEESE,PEPPERONI,SAUSAGE,BACON
2138865262239786961,November 26, 2015,Denise,Tony,7012,Cottonwood,Spring Field,New Cicily,Spicy MEAT,CHEESE,PEPPERONI,SAUSAGE,BACON,JALAPENOS,JALAPENOS
2138865262239786961,November 26, 2015,Denise,Tony,7012,Cottonwood,Spring Field,New Cicily,Stinky,CHEESE,ONIONS,EXTRA_CHEESE,GREEN_PEPPERS,JALAPENOS,SAUSAGE
2138865262239786962,November 26, 2015,Wayne,Marcia,567,Ridge,Spring Field,New Cicily,Stinky,CHEESE,ONIONS,EXTRA_CHEESE,GREEN_PEPPERS,JALAPENOS,SAUSAGE
2138865262239786962,November 26, 2015,Wayne,Marcia,567,Ridge,Spring Field,New Cicily,Funky Medina,CHEESE,EXTRA_CHEESE,MUSHROOMS,ONIONS,SAUSAGE,BLACK_OLIVES,SARDINES
2138865262239786962,November 26, 2015,Wayne,Marcia,567,Ridge,Spring Field,New Cicily,Stinky,CHEESE,ONIONS,EXTRA_CHEESE,GREEN_PEPPERS,JALAPENOS,SAUSAGE
2138865262239786963,November 26, 2015,Hector,Jose,13893,Lehua,Spring Field,New Cicily,Stinky,CHEESE,ONIONS,EXTRA_CHEESE,GREEN_PEPPERS,JALAPENOS,SAUSAGE
2138865262239786964,November 26, 2015,Julie,Josephine,11459,Tenth,Spring Field,New Cicily,Stinky,CHEESE,ONIONS,EXTRA_CHEESE,GREEN_PEPPERS,JALAPENOS,SAUSAGE
2138865262239786964,November 26, 2015,Julie,Josephine,11459,Tenth,Spring Field,New Cicily,Funky Medina,CHEESE,EXTRA_CHEESE,MUSHROOMS,ONIONS,SAUSAGE,BLACK_OLIVES,SARDINES
2138865262239786964,November 26, 2015,Julie,Josephine,11459,Tenth,Spring Field,New Cicily,Stinky,CHEESE,ONIONS,EXTRA_CHEESE,GREEN_PEPPERS,JALAPENOS,SAUSAGE
2138865262239786965,November 26, 2015,Elijah,Sara,2899,Walnut,Spring Field,New Cicily,Big Green,ONIONS,BLACK_OLIVES,GREEN_PEPPERS,SPINACH,JALAPENOS,SARDINES
2138865262239786965,November 26, 2015,Elijah,Sara,2899,Walnut,Spring Field,New Cicily,Spicy MEAT,CHEESE,PEPPERONI,SAUSAGE,BACON,JALAPENOS,JALAPENOS
2138865262239786965,November 26, 2015,Elijah,Sara,2899,Walnut,Spring Field,New Cicily,Stinky,CHEESE,ONIONS,EXTRA_CHEESE,GREEN_PEPPERS,JALAPENOS,SAUSAGE
2138865262239786966,November 26, 2015,Hector,Wayne,4832,Park,Spring Field,New Cicily,Big Green,ONIONS,BLACK_OLIVES,GREEN_PEPPERS,SPINACH,JALAPENOS,SARDINES
2138865262239786967,November 26, 2015,Elijah,Benjamin,26612,Third,Spring Field,New Cicily,MEAT,CHEESE,PEPPERONI,SAUSAGE,BACON
2138865262239786968,November 26, 2015,Denise,Madeline,27224,Pecan,Spring Field,New Cicily,Stinky,CHEESE,ONIONS,EXTRA_CHEESE,GREEN_PEPPERS,JALAPENOS,SAUSAGE
2138865262239786968,November 26, 2015,Denise,Madeline,27224,Pecan,Spring Field,New Cicily,Funky Medina,CHEESE,EXTRA_CHEESE,MUSHROOMS,ONIONS,SAUSAGE,BLACK_OLIVES,SARDINES
2138865262239786969,November 26, 2015,Hector,Arthur,11990,Church,Spring Field,New Cicily,Big Green,ONIONS,BLACK_OLIVES,GREEN_PEPPERS,SPINACH,JALAPENOS,SARDINES
2138865262239786970,November 26, 2015,Hector,Lydia,5183,Aspen,Spring Field,New Cicily,MEAT,CHEESE,PEPPERONI,SAUSAGE,BACON
2138865262239786971,November 26, 2015,Wayne,Luis,3735,Pine,Spring Field,New Cicily,Funky Medina,CHEESE,EXTRA_CHEESE,MUSHROOMS,ONIONS,SAUSAGE,BLACK_OLIVES,SARDINES
2138865262239786972,November 26, 2015,Julie,Valerie,7084,Smith,Spring Field,New Cicily,Big Green,ONIONS,BLACK_OLIVES,GREEN_PEPPERS,SPINACH,JALAPENOS,SARDINES
2138865262239786972,November 26, 2015,Julie,Valerie,7084,Smith,Spring Field,New Cicily,Funky Medina,CHEESE,EXTRA_CHEESE,MUSHROOMS,ONIONS,SAUSAGE,BLACK_OLIVES,SARDINES
2138865262239786972,November 26, 2015,Julie,Valerie,7084,Smith,Spring Field,New Cicily,Stinky,CHEESE,ONIONS,EXTRA_CHEESE,GREEN_PEPPERS,JALAPENOS,SAUSAGE
2138865262239786973,November 26, 2015,Hector,Latoya,6389,Johnson,Spring Field,New Cicily,Spicy MEAT,CHEESE,PEPPERONI,SAUSAGE,BACON,JALAPENOS,JALAPENOS
2138865262239786974,November 26, 2015,Denise,Don,28031,Bay,Spring Field,New Cicily,Spicy MEAT,CHEESE,PEPPERONI,SAUSAGE,BACON,JALAPENOS,JALAPENOS
2138865262239786974,November 26, 2015,Denise,Don,28031,Bay,Spring Field,New Cicily,MEAT,CHEESE,PEPPERONI,SAUSAGE,BACON
2138865262239786974,November 26, 2015,Denise,Don,28031,Bay,Spring Field,New Cicily,Spicy MEAT,CHEESE,PEPPERONI,SAUSAGE,BACON,JALAPENOS,JALAPENOS
2138865262239786975,November 27, 2015,John,Toni,26895,West,Spring Field,New Cicily,Stinky,CHEESE,ONIONS,EXTRA_CHEESE,GREEN_PEPPERS,JALAPENOS,SAUSAGE
2138865262239786975,November 27, 2015,John,Toni,26895,West,Spring Field,New Cicily,MEAT,CHEESE,PEPPERONI,SAUSAGE,BACON
2138865262239786976,November 27, 2015,Elijah,Harriet,15727,Lake,Spring Field,New Cicily,Spicy MEAT,CHEESE,PEPPERONI,SAUSAGE,BACON,JALAPENOS,JALAPENOS
2138865262239786977,November 27, 2015,Wayne,Lonnie,13522,Lake,Spring Field,New Cicily,Big Green,ONIONS,BLACK_OLIVES,GREEN_PEPPERS,SPINACH,JALAPENOS,SARDINES
2138865262239786977,November 27, 2015,Wayne,Lonnie,13522,Lake,Spring Field,New Cicily,MEAT,CHEESE,PEPPERONI,SAUSAGE,BACON
2138865262239786977,November 27, 2015,Wayne,Lonnie,13522,Lake,Spring Field,New Cicily,Spicy MEAT,CHEESE,PEPPERONI,SAUSAGE,BACON,JALAPENOS,JALAPENOS
2138865262239786978,November 27, 2015,Wayne,Kari,10074,Lincoln,Spring Field,New Cicily,Funky Medina,CHEESE,EXTRA_CHEESE,MUSHROOMS,ONIONS,SAUSAGE,BLACK_OLIVES,SARDINES
2138865262239786978,November 27, 2015,Wayne,Kari,10074,Lincoln,Spring Field,New Cicily,Big Green,ONIONS,BLACK_OLIVES,GREEN_PEPPERS,SPINACH,JALAPENOS,SARDINES
2138865262239786978,November 27, 2015,Wayne,Kari,10074,Lincoln,Spring Field,New Cicily,Spicy MEAT,CHEESE,PEPPERONI,SAUSAGE,BACON,JALAPENOS,JALAPENOS
2138865262239786978,November 27, 2015,Wayne,Kari,10074,Lincoln,Spring Field,New Cicily,Big Green,ONIONS,BLACK_OLIVES,GREEN_PEPPERS,SPINACH,JALAPENOS,SARDINES
2138865262239786979,November 27, 2015,Julie,Nicholas,29009,Oak,Spring Field,New Cicily,Funky Medina,CHEESE,EXTRA_CHEESE,MUSHROOMS,ONIONS,SAUSAGE,BLACK_OLIVES,SARDINES
2138865262239786979,November 27, 2015,Julie,Nicholas,29009,Oak,Spring Field,New Cicily,Spicy MEAT,CHEESE,PEPPERONI,SAUSAGE,BACON,JALAPENOS,JALAPENOS
2138865262239786979,November 27, 2015,Julie,Nicholas,29009,Oak,Spring Field,New Cicily,Big Green,ONIONS,BLACK_OLIVES,GREEN_PEPPERS,SPINACH,JALAPENOS,SARDINES
2138865262239786980,November 27, 2015,John,Jean,10347,Eleventh,Spring Field,New Cicily,Big Green,ONIONS,BLACK_OLIVES,GREEN_PEPPERS,SPINACH,JALAPENOS,SARDINES
2138865262239786980,November 27, 2015,John,Jean,10347,Eleventh,Spring Field,New Cicily,MEAT,CHEESE,PEPPERONI,SAUSAGE,BACON
2138865262239786981,November 27, 2015,Denise,Gloria,2552,Williams,Spring Field,New Cicily,Stinky,CHEESE,ONIONS,EXTRA_CHEESE,GREEN_PEPPERS,JALAPENOS,SAUSAGE
2138865262239786981,November 27, 2015,Denise,Gloria,2552,Williams,Spring Field,New Cicily,Funky Medina,CHEESE,EXTRA_CHEESE,MUSHROOMS,ONIONS,SAUSAGE,BLACK_OLIVES,SARDINES
2138865262239786981,November 27, 2015,Denise,Gloria,2552,Williams,Spring Field,New Cicily,MEAT,CHEESE,PEPPERONI,SAUSAGE,BACON
2138865262239786982,November 27, 2015,Julie,Barbara,1487,Delaware,Spring Field,New Cicily,Big Green,ONIONS,BLACK_OLIVES,GREEN_PEPPERS,SPINACH,JALAPENOS,SARDINES
2138865262239786983,November 27, 2015,Wayne,Rita,23380,Cottonwood,Spring Field,New Cicily,Stinky,CHEESE,ONIONS,EXTRA_CHEESE,GREEN_PEPPERS,JALAPENOS,SAUSAGE
2138865262239786983,November 27, 2015,Wayne,Rita,23380,Cottonwood,Spring Field,New Cicily,MEAT,CHEESE,PEPPERONI,SAUSAGE,BACON
2138865262239786983,November 27, 2015,Wayne,Rita,23380,Cottonwood,Spring Field,New Cicily,Stinky,CHEESE,ONIONS,EXTRA_CHEESE,GREEN_PEPPERS,JALAPENOS,SAUSAGE
2138865262239786983,November 27, 2015,Wayne,Rita,23380,Cottonwood,Spring Field,New Cicily,Stinky,CHEESE,ONIONS,EXTRA_CHEESE,GREEN_PEPPERS,JALAPENOS,SAUSAGE
2138865262239786984,November 27, 2015,Betty,Darrell,11078,Airport,Spring Field,New Cicily,Big Green,ONIONS,BLACK_OLIVES,GREEN_PEPPERS,SPINACH,JALAPENOS,SARDINES
2138865262239786985,November 27, 2015,Savannah,Tyler,7131,Fifth,Spring Field,New Cicily,Spicy MEAT,CHEESE,PEPPERONI,SAUSAGE,BACON,JALAPENOS,JALAPENOS
2138865262239786986,November 27, 2015,Elijah,Norman,4331,Cherry,Spring Field,New Cicily,Stinky,CHEESE,ONIONS,EXTRA_CHEESE,GREEN_PEPPERS,JALAPENOS,SAUSAGE
2138865262239786986,November 27, 2015,Elijah,Norman,4331,Cherry,Spring Field,New Cicily,Stinky,CHEESE,ONIONS,EXTRA_CHEESE,GREEN_PEPPERS,JALAPENOS,SAUSAGE
2138865262239786987,November 27, 2015,Julie,Kiara,11362,Laurel,Spring Field,New Cicily,Spicy MEAT,CHEESE,PEPPERONI,SAUSAGE,BACON,JALAPENOS,JALAPENOS
2138865262239786987,November 27, 2015,Julie,Kiara,11362,Laurel,Spring Field,New Cicily,Stinky,CHEESE,ONIONS,EXTRA_CHEESE,GREEN_PEPPERS,JALAPENOS,SAUSAGE
2138865262239786987,November 27, 2015,Julie,Kiara,11362,Laurel,Spring Field,New Cicily,Spicy MEAT,CHEESE,PEPPERONI,SAUSAGE,BACON,JALAPENOS,JALAPENOS
2138865262239786987,November 27, 2015,Julie,Kiara,11362,Laurel,Spring Field,New Cicily,Spicy MEAT,CHEESE,PEPPERONI,SAUSAGE,BACON,JALAPENOS,JALAPENOS
2138865262239786988,November 27, 2015,Betty,Annette,23917,Johnson,Spring Field,New Cicily,Funky Medina,CHEESE,EXTRA_CHEESE,MUSHROOMS,ONIONS,SAUSAGE,BLACK_OLIVES,SARDINES
2138865262239786988,November 27, 2015,Betty,Annette,23917,Johnson,Spring Field,New Cicily,MEAT,CHEESE,PEPPERONI,SAUSAGE,BACON
2138865262239786988,November 27, 2015,Betty,Annette,23917,Johnson,Spring Field,New Cicily,MEAT,CHEESE,PEPPERONI,SAUSAGE,BACON
2138865262239786989,November 27, 2015,Betty,Alan,28032,Pioneer,Spring Field,New Cicily,Big Green,ONIONS,BLACK_OLIVES,GREEN_PEPPERS,SPINACH,JALAPENOS,SARDINES
2138865262239786990,November 27, 2015,Elijah,Anthony,11637,Delaware,Spring Field,New Cicily,MEAT,CHEESE,PEPPERONI,SAUSAGE,BACON
2138865262239786990,November 27, 2015,Elijah,Anthony,11637,Delaware,Spring Field,New Cicily,Funky Medina,CHEESE,EXTRA_CHEESE,MUSHROOMS,ONIONS,SAUSAGE,BLACK_OLIVES,SARDINES
2138865262239786990,November 27, 2015,Elijah,Anthony,11637,Delaware,Spring Field,New Cicily,MEAT,CHEESE,PEPPERONI,SAUSAGE,BACON
2138865262239786990,November 27, 2015,Elijah,Anthony,11637,Delaware,Spring Field,New Cicily,MEAT,CHEESE,PEPPERONI,SAUSAGE,BACON
2138865262239786991,November 27, 2015,Julie,Kylee,26661,Palo Verde,Spring Field,New Cicily,Spicy MEAT,CHEESE,PEPPERONI,SAUSAGE,BACON,JALAPENOS,JALAPENOS
2138865262239786992,November 27, 2015,Savannah,Walter,27781,Redwood,Spring Field,New Cicily,Big Green,ONIONS,BLACK_OLIVES,GREEN_PEPPERS,SPINACH,JALAPENOS,SARDINES
2138865262239786992,November 27, 2015,Savannah,Walter,27781,Redwood,Spring Field,New Cicily,Stinky,CHEESE,ONIONS,EXTRA_CHEESE,GREEN_PEPPERS,JALAPENOS,SAUSAGE
2138865262239786993,November 27, 2015,Betty,Dennis,12712,Williams,Spring Field,New Cicily,Spicy MEAT,CHEESE,PEPPERONI,SAUSAGE,BACON,JALAPENOS,JALAPENOS
2138865262239786993,November 27, 2015,Betty,Dennis,12712,Williams,Spring Field,New Cicily,Stinky,CHEESE,ONIONS,EXTRA_CHEESE,GREEN_PEPPERS,JALAPENOS,SAUSAGE
2138865262239786994,November 27, 2015,Denise,Tiffany,29834,N 400,Spring Field,New Cicily,Stinky,CHEESE,ONIONS,EXTRA_CHEESE,GREEN_PEPPERS,JALAPENOS,SAUSAGE
2138865262239786994,November 27, 2015,Denise,Tiffany,29834,N 400,Spring Field,New Cicily,Stinky,CHEESE,ONIONS,EXTRA_CHEESE,GREEN_PEPPERS,JALAPENOS,SAUSAGE
2138865262239786994,November 27, 2015,Denise,Tiffany,29834,N 400,Spring Field,New Cicily,Funky Medina,CHEESE,EXTRA_CHEESE,MUSHROOMS,ONIONS,SAUSAGE,BLACK_OLIVES,SARDINES
2138865262239786995,November 27, 2015,Wayne,Shaun,3563,Mountain View,Spring Field,New Cicily,Big Green,ONIONS,BLACK_OLIVES,GREEN_PEPPERS,SPINACH,JALAPENOS,SARDINES
2138865262239786995,November 27, 2015,Wayne,Shaun,3563,Mountain View,Spring Field,New Cicily,Stinky,CHEESE,ONIONS,EXTRA_CHEESE,GREEN_PEPPERS,JALAPENOS,SAUSAGE
2138865262239786995,November 27, 2015,Wayne,Shaun,3563,Mountain View,Spring Field,New Cicily,Stinky,CHEESE,ONIONS,EXTRA_CHEESE,GREEN_PEPPERS,JALAPENOS,SAUSAGE
2138865262239786996,November 27, 2015,Wayne,Lauren,8676,Lincoln,Spring Field,New Cicily,Spicy MEAT,CHEESE,PEPPERONI,SAUSAGE,BACON,JALAPENOS,JALAPENOS
2138865262239786996,November 27, 2015,Wayne,Lauren,8676,Lincoln,Spring Field,New Cicily,Stinky,CHEESE,ONIONS,EXTRA_CHEESE,GREEN_PEPPERS,JALAPENOS,SAUSAGE
2138865262239786997,November 27, 2015,Savannah,Jorge,28678,Juniper,Spring Field,New Cicily,Stinky,CHEESE,ONIONS,EXTRA_CHEESE,GREEN_PEPPERS,JALAPENOS,SAUSAGE
2138865262239786998,November 27, 2015,Julie,Julia,11874,Twelfth,Spring Field,New Cicily,Funky Medina,CHEESE,EXTRA_CHEESE,MUSHROOMS,ONIONS,SAUSAGE,BLACK_OLIVES,SARDINES
2138865262239786998,November 27, 2015,Julie,Julia,11874,Twelfth,Spring Field,New Cicily,Big Green,ONIONS,BLACK_OLIVES,GREEN_PEPPERS,SPINACH,JALAPENOS,SARDINES
2138865262239786999,November 27, 2015,Wayne,Brent,1388,Pinon,Spring Field,New Cicily,Spicy MEAT,CHEESE,PEPPERONI,SAUSAGE,BACON,JALAPENOS,JALAPENOS
2138865262239786999,November 27, 2015,Wayne,Brent,1388,Pinon,Spring Field,New Cicily,Funky Medina,CHEESE,EXTRA_CHEESE,MUSHROOMS,ONIONS,SAUSAGE,BLACK_OLIVES,SARDINES
2138865262239786999,November 27, 2015,Wayne,Brent,1388,Pinon,Spring Field,New Cicily,Funky Medina,CHEESE,EXTRA_CHEESE,MUSHROOMS,ONIONS,SAUSAGE,BLACK_OLIVES,SARDINES
2138865262239786999,November 27, 2015,Wayne,Brent,1388,Pinon,Spring Field,New Cicily,Funky Medina,CHEESE,EXTRA_CHEESE,MUSHROOMS,ONIONS,SAUSAGE,BLACK_OLIVES,SARDINES
2138865262239787000,November 27, 2015,Wayne,Devin,29560,Willow,Spring Field,New Cicily,MEAT,CHEESE,PEPPERONI,SAUSAGE,BACON
2138865262239787000,November 27, 2015,Wayne,Devin,29560,Willow,Spring Field,New Cicily,MEAT,CHEESE,PEPPERONI,SAUSAGE,BACON
2138865262239787000,November 27, 2015,Wayne,Devin,29560,Willow,Spring Field,New Cicily,Big Green,ONIONS,BLACK_OLIVES,GREEN_PEPPERS,SPINACH,JALAPENOS,SARDINES
2138865262239787000,November 27, 2015,Wayne,Devin,29560,Willow,Spring Field,New Cicily,Funky Medina,CHEESE,EXTRA_CHEESE,MUSHROOMS,ONIONS,SAUSAGE,BLACK_OLIVES,SARDINES
2138865262239787001,November 27, 2015,Betty,Ashlee,8077,Pine,Spring Field,New Cicily,MEAT,CHEESE,PEPPERONI,SAUSAGE,BACON
2138865262239787001,November 27, 2015,Betty,Ashlee,8077,Pine,Spring Field,New Cicily,Stinky,CHEESE,ONIONS,EXTRA_CHEESE,GREEN_PEPPERS,JALAPENOS,SAUSAGE
2138865262239787002,November 27, 2015,Wayne,Stephanie,16944,Walnut,Spring Field,New Cicily,MEAT,CHEESE,PEPPERONI,SAUSAGE,BACON
2138865262239787002,November 27, 2015,Wayne,Stephanie,16944,Walnut,Spring Field,New Cicily,Stinky,CHEESE,ONIONS,EXTRA_CHEESE,GREEN_PEPPERS,JALAPENOS,SAUSAGE
2138865262239787003,November 27, 2015,Wayne,Cooper,8866,S 100,Spring Field,New Cicily,Big Green,ONIONS,BLACK_OLIVES,GREEN_PEPPERS,SPINACH,JALAPENOS,SARDINES
2138865262239787003,November 27, 2015,Wayne,Cooper,8866,S 100,Spring Field,New Cicily,Funky Medina,CHEESE,EXTRA_CHEESE,MUSHROOMS,ONIONS,SAUSAGE,BLACK_OLIVES,SARDINES
2138865262239787003,November 27, 2015,Wayne,Cooper,8866,S 100,Spring Field,New Cicily,Big Green,ONIONS,BLACK_OLIVES,GREEN_PEPPERS,SPINACH,JALAPENOS,SARDINES
2138865262239787003,November 27, 2015,Wayne,Cooper,8866,S 100,Spring Field,New Cicily,MEAT,CHEESE,PEPPERONI,SAUSAGE,BACON
2138865262239787004,November 27, 2015,Savannah,Timothy,5123,Palo Verde,Spring Field,New Cicily,Funky Medina,CHEESE,EXTRA_CHEESE,MUSHROOMS,ONIONS,SAUSAGE,BLACK_OLIVES,SARDINES
2138865262239787004,November 27, 2015,Savannah,Timothy,5123,Palo Verde,Spring Field,New Cicily,Big Green,ONIONS,BLACK_OLIVES,GREEN_PEPPERS,SPINACH,JALAPENOS,SARDINES
2138865262239787004,November 27, 2015,Savannah,Timothy,5123,Palo Verde,Spring Field,New Cicily,Big Green,ONIONS,BLACK_OLIVES,GREEN_PEPPERS,SPINACH,JALAPENOS,SARDINES
2138865262239787005,November 27, 2015,Denise,Ellie,14806,Fourth,Spring Field,New Cicily,MEAT,CHEESE,PEPPERONI,SAUSAGE,BACON
2138865262239787005,November 27, 2015,Denise,Ellie,14806,Fourth,Spring Field,New Cicily,Big Green,ONIONS,BLACK_OLIVES,GREEN_PEPPERS,SPINACH,JALAPENOS,SARDINES
2138865262239787005,November 27, 2015,Denise,Ellie,14806,Fourth,Spring Field,New Cicily,Spicy MEAT,CHEESE,PEPPERONI,SAUSAGE,BACON,JALAPENOS,JALAPENOS
2138865262239787006,November 27, 2015,Denise,Douglas,16605,Lee,Spring Field,New Cicily,Spicy MEAT,CHEESE,PEPPERONI,SAUSAGE,BACON,JALAPENOS,JALAPENOS
2138865262239787006,November 27, 2015,Denise,Douglas,16605,Lee,Spring Field,New Cicily,Spicy MEAT,CHEESE,PEPPERONI,SAUSAGE,BACON,JALAPENOS,JALAPENOS
2138865262239787007,November 27, 2015,John,Danny,1570,Walnut,Spring Field,New Cicily,Big Green,ONIONS,BLACK_OLIVES,GREEN_PEPPERS,SPINACH,JALAPENOS,SARDINES
2138865262239787007,November 27, 2015,John,Danny,1570,Walnut,Spring Field,New Cicily,MEAT,CHEESE,PEPPERONI,SAUSAGE,BACON
2138865262239787008,November 27, 2015,Wayne,Lester,9890,Smith,Spring Field,New Cicily,Big Green,ONIONS,BLACK_OLIVES,GREEN_PEPPERS,SPINACH,JALAPENOS,SARDINES
2138865262239787009,November 27, 2015,Betty,Heidi,23316,Sycamore,Spring Field,New Cicily,Spicy MEAT,CHEESE,PEPPERONI,SAUSAGE,BACON,JALAPENOS,JALAPENOS
2138865262239787010,November 27, 2015,John,Leo,7232,Twelfth,Spring Field,New Cicily,MEAT,CHEESE,PEPPERONI,SAUSAGE,BACON
2138865262239787011,November 27, 2015,Wayne,Lance,3539,Center,Spring Field,New Cicily,Big Green,ONIONS,BLACK_OLIVES,GREEN_PEPPERS,SPINACH,JALAPENOS,SARDINES
2138865262239787011,November 27, 2015,Wayne,Lance,3539,Center,Spring Field,New Cicily,Stinky,CHEESE,ONIONS,EXTRA_CHEESE,GREEN_PEPPERS,JALAPENOS,SAUSAGE
2138865262239787012,November 27, 2015,Wayne,Nicholas,20995,Mountain View,Spring Field,New Cicily,Funky Medina,CHEESE,EXTRA_CHEESE,MUSHROOMS,ONIONS,SAUSAGE,BLACK_OLIVES,SARDINES
2138865262239787012,November 27, 2015,Wayne,Nicholas,20995,Mountain View,Spring Field,New Cicily,Spicy MEAT,CHEESE,PEPPERONI,SAUSAGE,BACON,JALAPENOS,JALAPENOS
2138865262239787012,November 27, 2015,Wayne,Nicholas,20995,Mountain View,Spring Field,New Cicily,Funky Medina,CHEESE,EXTRA_CHEESE,MUSHROOMS,ONIONS,SAUSAGE,BLACK_OLIVES,SARDINES
2138865262239787013,November 28, 2015,Julie,Elizabeth,2205,Fourth,Spring Field,New Cicily,Funky Medina,CHEESE,EXTRA_CHEESE,MUSHROOMS,ONIONS,SAUSAGE,BLACK_OLIVES,SARDINES
2138865262239787013,November 28, 2015,Julie,Elizabeth,2205,Fourth,Spring Field,New Cicily,MEAT,CHEESE,PEPPERONI,SAUSAGE,BACON
2138865262239787013,November 28, 2015,Julie,Elizabeth,2205,Fourth,Spring Field,New Cicily,Spicy MEAT,CHEESE,PEPPERONI,SAUSAGE,BACON,JALAPENOS,JALAPENOS
2138865262239787014,November 28, 2015,Elijah,Devon,15819,Sycamore,Spring Field,New Cicily,Funky Medina,CHEESE,EXTRA_CHEESE,MUSHROOMS,ONIONS,SAUSAGE,BLACK_OLIVES,SARDINES
2138865262239787014,November 28, 2015,Elijah,Devon,15819,Sycamore,Spring Field,New Cicily,Big Green,ONIONS,BLACK_OLIVES,GREEN_PEPPERS,SPINACH,JALAPENOS,SARDINES
2138865262239787014,November 28, 2015,Elijah,Devon,15819,Sycamore,Spring Field,New Cicily,Spicy MEAT,CHEESE,PEPPERONI,SAUSAGE,BACON,JALAPENOS,JALAPENOS
2138865262239787015,November 28, 2015,Wayne,Brian,24768,Shore,Spring Field,New Cicily,Funky Medina,CHEESE,EXTRA_CHEESE,MUSHROOMS,ONIONS,SAUSAGE,BLACK_OLIVES,SARDINES
2138865262239787016,November 28, 2015,Elijah,Carla,26753,Evergreen,Spring Field,New Cicily,Stinky,CHEESE,ONIONS,EXTRA_CHEESE,GREEN_PEPPERS,JALAPENOS,SAUSAGE
2138865262239787016,November 28, 2015,Elijah,Carla,26753,Evergreen,Spring Field,New Cicily,Stinky,CHEESE,ONIONS,EXTRA_CHEESE,GREEN_PEPPERS,JALAPENOS,SAUSAGE
2138865262239787016,November 28, 2015,Elijah,Carla,26753,Evergreen,Spring Field,New Cicily,MEAT,CHEESE,PEPPERONI,SAUSAGE,BACON
2138865262239787017,November 28, 2015,Elijah,Scott,10967,Seventh,Spring Field,New Cicily,Big Green,ONIONS,BLACK_OLIVES,GREEN_PEPPERS,SPINACH,JALAPENOS,SARDINES
2138865262239787018,November 28, 2015,Wayne,Brandon,26089,Church,Spring Field,New Cicily,Big Green,ONIONS,BLACK_OLIVES,GREEN_PEPPERS,SPINACH,JALAPENOS,SARDINES
2138865262239787018,November 28, 2015,Wayne,Brandon,26089,Church,Spring Field,New Cicily,Stinky,CHEESE,ONIONS,EXTRA_CHEESE,GREEN_PEPPERS,JALAPENOS,SAUSAGE
2138865262239787018,November 28, 2015,Wayne,Brandon,26089,Church,Spring Field,New Cicily,Stinky,CHEESE,ONIONS,EXTRA_CHEESE,GREEN_PEPPERS,JALAPENOS,SAUSAGE
2138865262239787018,November 28, 2015,Wayne,Brandon,26089,Church,Spring Field,New Cicily,Big Green,ONIONS,BLACK_OLIVES,GREEN_PEPPERS,SPINACH,JALAPENOS,SARDINES
2138865262239787019,November 28, 2015,Elijah,Laura,2390,A,Spring Field,New Cicily,Spicy MEAT,CHEESE,PEPPERONI,SAUSAGE,BACON,JALAPENOS,JALAPENOS
2138865262239787020,November 28, 2015,Wayne,Mindy,19382,Apache,Spring Field,New Cicily,Stinky,CHEESE,ONIONS,EXTRA_CHEESE,GREEN_PEPPERS,JALAPENOS,SAUSAGE
2138865262239787020,November 28, 2015,Wayne,Mindy,19382,Apache,Spring Field,New Cicily,MEAT,CHEESE,PEPPERONI,SAUSAGE,BACON
2138865262239787021,November 28, 2015,Denise,Devon,2396,Hickory,Spring Field,New Cicily,MEAT,CHEESE,PEPPERONI,SAUSAGE,BACON
2138865262239787021,November 28, 2015,Denise,Devon,2396,Hickory,Spring Field,New Cicily,Spicy MEAT,CHEESE,PEPPERONI,SAUSAGE,BACON,JALAPENOS,JALAPENOS
2138865262239787021,November 28, 2015,Denise,Devon,2396,Hickory,Spring Field,New Cicily,Stinky,CHEESE,ONIONS,EXTRA_CHEESE,GREEN_PEPPERS,JALAPENOS,SAUSAGE
2138865262239787022,November 28, 2015,Savannah,Trinity,26276,Laurel,Spring Field,New Cicily,Big Green,ONIONS,BLACK_OLIVES,GREEN_PEPPERS,SPINACH,JALAPENOS,SARDINES
2138865262239787022,November 28, 2015,Savannah,Trinity,26276,Laurel,Spring Field,New Cicily,Funky Medina,CHEESE,EXTRA_CHEESE,MUSHROOMS,ONIONS,SAUSAGE,BLACK_OLIVES,SARDINES
2138865262239787023,November 28, 2015,Carla,Ricky,27739,Thirteenth,Spring Field,New Cicily,Stinky,CHEESE,ONIONS,EXTRA_CHEESE,GREEN_PEPPERS,JALAPENOS,SAUSAGE
2138865262239787024,November 28, 2015,Elijah,Philip,3969,Kahili,Spring Field,New Cicily,Stinky,CHEESE,ONIONS,EXTRA_CHEESE,GREEN_PEPPERS,JALAPENOS,SAUSAGE
2138865262239787024,November 28, 2015,Elijah,Philip,3969,Kahili,Spring Field,New Cicily,Stinky,CHEESE,ONIONS,EXTRA_CHEESE,GREEN_PEPPERS,JALAPENOS,SAUSAGE
2138865262239787024,November 28, 2015,Elijah,Philip,3969,Kahili,Spring Field,New Cicily,Big Green,ONIONS,BLACK_OLIVES,GREEN_PEPPERS,SPINACH,JALAPENOS,SARDINES
2138865262239787025,November 28, 2015,Wayne,Eva,8661,Pleasant,Spring Field,New Cicily,Stinky,CHEESE,ONIONS,EXTRA_CHEESE,GREEN_PEPPERS,JALAPENOS,SAUSAGE
2138865262239787025,November 28, 2015,Wayne,Eva,8661,Pleasant,Spring Field,New Cicily,Stinky,CHEESE,ONIONS,EXTRA_CHEESE,GREEN_PEPPERS,JALAPENOS,SAUSAGE
2138865262239787026,November 28, 2015,Betty,Mary,9661,Smith,Spring Field,New Cicily,Big Green,ONIONS,BLACK_OLIVES,GREEN_PEPPERS,SPINACH,JALAPENOS,SARDINES
2138865262239787026,November 28, 2015,Betty,Mary,9661,Smith,Spring Field,New Cicily,Stinky,CHEESE,ONIONS,EXTRA_CHEESE,GREEN_PEPPERS,JALAPENOS,SAUSAGE
2138865262239787027,November 28, 2015,Betty,Gene,20812,Twelfth,Spring Field,New Cicily,Stinky,CHEESE,ONIONS,EXTRA_CHEESE,GREEN_PEPPERS,JALAPENOS,SAUSAGE
2138865262239787027,November 28, 2015,Betty,Gene,20812,Twelfth,Spring Field,New Cicily,MEAT,CHEESE,PEPPERONI,SAUSAGE,BACON
2138865262239787027,November 28, 2015,Betty,Gene,20812,Twelfth,Spring Field,New Cicily,MEAT,CHEESE,PEPPERONI,SAUSAGE,BACON
2138865262239787028,November 28, 2015,Wayne,Victor,16963,Bay,Spring Field,New Cicily,Stinky,CHEESE,ONIONS,EXTRA_CHEESE,GREEN_PEPPERS,JALAPENOS,SAUSAGE
2138865262239787028,November 28, 2015,Wayne,Victor,16963,Bay,Spring Field,New Cicily,MEAT,CHEESE,PEPPERONI,SAUSAGE,BACON
2138865262239787029,November 28, 2015,Savannah,Frank,27095,Fifth,Spring Field,New Cicily,Big Green,ONIONS,BLACK_OLIVES,GREEN_PEPPERS,SPINACH,JALAPENOS,SARDINES
2138865262239787029,November 28, 2015,Savannah,Frank,27095,Fifth,Spring Field,New Cicily,Spicy MEAT,CHEESE,PEPPERONI,SAUSAGE,BACON,JALAPENOS,JALAPENOS
2138865262239787030,November 28, 2015,Savannah,Billy,14128,Pecan,Spring Field,New Cicily,Funky Medina,CHEESE,EXTRA_CHEESE,MUSHROOMS,ONIONS,SAUSAGE,BLACK_OLIVES,SARDINES
2138865262239787030,November 28, 2015,Savannah,Billy,14128,Pecan,Spring Field,New Cicily,Funky Medina,CHEESE,EXTRA_CHEESE,MUSHROOMS,ONIONS,SAUSAGE,BLACK_OLIVES,SARDINES
2138865262239787031,November 28, 2015,Betty,Noah,6937,Bay,Spring Field,New Cicily,Spicy MEAT,CHEESE,PEPPERONI,SAUSAGE,BACON,JALAPENOS,JALAPENOS
2138865262239787032,November 28, 2015,Savannah,Billy,27288,Oak,Spring Field,New Cicily,Stinky,CHEESE,ONIONS,EXTRA_CHEESE,GREEN_PEPPERS,JALAPENOS,SAUSAGE
2138865262239787033,November 28, 2015,Betty,Mark,23697,Park,Spring Field,New Cicily,Funky Medina,CHEESE,EXTRA_CHEESE,MUSHROOMS,ONIONS,SAUSAGE,BLACK_OLIVES,SARDINES
2138865262239787034,November 28, 2015,Denise,Micheal,27952,Eleventh,Spring Field,New Cicily,MEAT,CHEESE,PEPPERONI,SAUSAGE,BACON
2138865262239787034,November 28, 2015,Denise,Micheal,27952,Eleventh,Spring Field,New Cicily,Funky Medina,CHEESE,EXTRA_CHEESE,MUSHROOMS,ONIONS,SAUSAGE,BLACK_OLIVES,SARDINES
2138865262239787035,November 28, 2015,Wayne,Jamie,17657,Cherry,Spring Field,New Cicily,MEAT,CHEESE,PEPPERONI,SAUSAGE,BACON
2138865262239787036,November 28, 2015,Julie,Mitchell,8099,Malulani,Spring Field,New Cicily,Big Green,ONIONS,BLACK_OLIVES,GREEN_PEPPERS,SPINACH,JALAPENOS,SARDINES
2138865262239787036,November 28, 2015,Julie,Mitchell,8099,Malulani,Spring Field,New Cicily,Big Green,ONIONS,BLACK_OLIVES,GREEN_PEPPERS,SPINACH,JALAPENOS,SARDINES
2138865262239787037,November 28, 2015,Wayne,Charles,23184,Evergreen,Spring Field,New Cicily,Funky Medina,CHEESE,EXTRA_CHEESE,MUSHROOMS,ONIONS,SAUSAGE,BLACK_OLIVES,SARDINES
2138865262239787037,November 28, 2015,Wayne,Charles,23184,Evergreen,Spring Field,New Cicily,Big Green,ONIONS,BLACK_OLIVES,GREEN_PEPPERS,SPINACH,JALAPENOS,SARDINES
2138865262239787037,November 28, 2015,Wayne,Charles,23184,Evergreen,Spring Field,New Cicily,Spicy MEAT,CHEESE,PEPPERONI,SAUSAGE,BACON,JALAPENOS,JALAPENOS
2138865262239787038,November 28, 2015,Denise,Nancy,8050,Navajo,Spring Field,New Cicily,MEAT,CHEESE,PEPPERONI,SAUSAGE,BACON
2138865262239787038,November 28, 2015,Denise,Nancy,8050,Navajo,Spring Field,New Cicily,MEAT,CHEESE,PEPPERONI,SAUSAGE,BACON
2138865262239787038,November 28, 2015,Denise,Nancy,8050,Navajo,Spring Field,New Cicily,Stinky,CHEESE,ONIONS,EXTRA_CHEESE,GREEN_PEPPERS,JALAPENOS,SAUSAGE
2138865262239787039,November 28, 2015,Elijah,Anita,12110,Seventh,Spring Field,New Cicily,Funky Medina,CHEESE,EXTRA_CHEESE,MUSHROOMS,ONIONS,SAUSAGE,BLACK_OLIVES,SARDINES
2138865262239787039,November 28, 2015,Elijah,Anita,12110,Seventh,Spring Field,New Cicily,Spicy MEAT,CHEESE,PEPPERONI,SAUSAGE,BACON,JALAPENOS,JALAPENOS
2138865262239787040,November 28, 2015,Elijah,Phyllis,9222,Hickory,Spring Field,New Cicily,Big Green,ONIONS,BLACK_OLIVES,GREEN_PEPPERS,SPINACH,JALAPENOS,SARDINES
2138865262239787040,November 28, 2015,Elijah,Phyllis,9222,Hickory,Spring Field,New Cicily,MEAT,CHEESE,PEPPERONI,SAUSAGE,BACON
2138865262239787040,November 28, 2015,Elijah,Phyllis,9222,Hickory,Spring Field,New Cicily,Big Green,ONIONS,BLACK_OLIVES,GREEN_PEPPERS,SPINACH,JALAPENOS,SARDINES
2138865262239787041,November 28, 2015,Savannah,Jeremiah,22160,Pleasant,Spring Field,New Cicily,Funky Medina,CHEESE,EXTRA_CHEESE,MUSHROOMS,ONIONS,SAUSAGE,BLACK_OLIVES,SARDINES
2138865262239787042,November 28, 2015,Betty,Rebecca,6887,Pecan,Spring Field,New Cicily,MEAT,CHEESE,PEPPERONI,SAUSAGE,BACON
2138865262239787043,November 28, 2015,Savannah,Regina,9912,Eleventh,Spring Field,New Cicily,Stinky,CHEESE,ONIONS,EXTRA_CHEESE,GREEN_PEPPERS,JALAPENOS,SAUSAGE
2138865262239787043,November 28, 2015,Savannah,Regina,9912,Eleventh,Spring Field,New Cicily,Funky Medina,CHEESE,EXTRA_CHEESE,MUSHROOMS,ONIONS,SAUSAGE,BLACK_OLIVES,SARDINES
2138865262239787044,November 28, 2015,Carla,Bob,3476,Aspen,Spring Field,New Cicily,Big Green,ONIONS,BLACK_OLIVES,GREEN_PEPPERS,SPINACH,JALAPENOS,SARDINES
2138865262239787044,November 28, 2015,Carla,Bob,3476,Aspen,Spring Field,New Cicily,Stinky,CHEESE,ONIONS,EXTRA_CHEESE,GREEN_PEPPERS,JALAPENOS,SAUSAGE
2138865262239787044,November 28, 2015,Carla,Bob,3476,Aspen,Spring Field,New Cicily,MEAT,CHEESE,PEPPERONI,SAUSAGE,BACON
2138865262239787044,November 28, 2015,Carla,Bob,3476,Aspen,Spring Field,New Cicily,Big Green,ONIONS,BLACK_OLIVES,GREEN_PEPPERS,SPINACH,JALAPENOS,SARDINES
2138865262239787045,November 28, 2015,Betty,Destiny,6478,Eleventh,Spring Field,New Cicily,Spicy MEAT,CHEESE,PEPPERONI,SAUSAGE,BACON,JALAPENOS,JALAPENOS
2138865262239787046,November 28, 2015,Betty,Lee,3857,Thirteenth,Spring Field,New Cicily,MEAT,CHEESE,PEPPERONI,SAUSAGE,BACON
2138865262239787046,November 28, 2015,Betty,Lee,3857,Thirteenth,Spring Field,New Cicily,Big Green,ONIONS,BLACK_OLIVES,GREEN_PEPPERS,SPINACH,JALAPENOS,SARDINES
2138865262239787046,November 28, 2015,Betty,Lee,3857,Thirteenth,Spring Field,New Cicily,Stinky,CHEESE,ONIONS,EXTRA_CHEESE,GREEN_PEPPERS,JALAPENOS,SAUSAGE
2138865262239787047,November 28, 2015,Betty,Traci,17884,Fourth,Spring Field,New Cicily,Big Green,ONIONS,BLACK_OLIVES,GREEN_PEPPERS,SPINACH,JALAPENOS,SARDINES
2138865262239787047,November 28, 2015,Betty,Traci,17884,Fourth,Spring Field,New Cicily,Big Green,ONIONS,BLACK_OLIVES,GREEN_PEPPERS,SPINACH,JALAPENOS,SARDINES
2138865262239787048,November 28, 2015,Wayne,Gerald,12633,Redwood,Spring Field,New Cicily,MEAT,CHEESE,PEPPERONI,SAUSAGE,BACON
2138865262239787049,November 28, 2015,Wayne,Ronald,29529,Hillside,Spring Field,New Cicily,Funky Medina,CHEESE,EXTRA_CHEESE,MUSHROOMS,ONIONS,SAUSAGE,BLACK_OLIVES,SARDINES
2138865262239787049,November 28, 2015,Wayne,Ronald,29529,Hillside,Spring Field,New Cicily,MEAT,CHEESE,PEPPERONI,SAUSAGE,BACON
2138865262239787049,November 28, 2015,Wayne,Ronald,29529,Hillside,Spring Field,New Cicily,Funky Medina,CHEESE,EXTRA_CHEESE,MUSHROOMS,ONIONS,SAUSAGE,BLACK_OLIVES,SARDINES
2138865262239787049,November 28, 2015,Wayne,Ronald,29529,Hillside,Spring Field,New Cicily,Spicy MEAT,CHEESE,PEPPERONI,SAUSAGE,BACON,JALAPENOS,JALAPENOS
2138865262239787050,November 28, 2015,Wayne,Zoe,27057,A,Spring Field,New Cicily,Stinky,CHEESE,ONIONS,EXTRA_CHEESE,GREEN_PEPPERS,JALAPENOS,SAUSAGE
2138865262239787050,November 28, 2015,Wayne,Zoe,27057,A,Spring Field,New Cicily,Big Green,ONIONS,BLACK_OLIVES,GREEN_PEPPERS,SPINACH,JALAPENOS,SARDINES
2138865262239787051,November 28, 2015,Savannah,Jennifer,23436,Center,Spring Field,New Cicily,Stinky,CHEESE,ONIONS,EXTRA_CHEESE,GREEN_PEPPERS,JALAPENOS,SAUSAGE
2138865262239787051,November 28, 2015,Savannah,Jennifer,23436,Center,Spring Field,New Cicily,MEAT,CHEESE,PEPPERONI,SAUSAGE,BACON
2138865262239787052,November 28, 2015,Wayne,Connie,17874,Aspen,Spring Field,New Cicily,Big Green,ONIONS,BLACK_OLIVES,GREEN_PEPPERS,SPINACH,JALAPENOS,SARDINES
2138865262239787052,November 28, 2015,Wayne,Connie,17874,Aspen,Spring Field,New Cicily,Stinky,CHEESE,ONIONS,EXTRA_CHEESE,GREEN_PEPPERS,JALAPENOS,SAUSAGE
2138865262239787053,November 28, 2015,Denise,Lee,5644,Columbine,Spring Field,New Cicily,Spicy MEAT,CHEESE,PEPPERONI,SAUSAGE,BACON,JALAPENOS,JALAPENOS
2138865262239787053,November 28, 2015,Denise,Lee,5644,Columbine,Spring Field,New Cicily,MEAT,CHEESE,PEPPERONI,SAUSAGE,BACON
2138865262239787053,November 28, 2015,Denise,Lee,5644,Columbine,Spring Field,New Cicily,Stinky,CHEESE,ONIONS,EXTRA_CHEESE,GREEN_PEPPERS,JALAPENOS,SAUSAGE
2138865262239787054,November 28, 2015,Wayne,Juan,13769,Broadway,Spring Field,New Cicily,Big Green,ONIONS,BLACK_OLIVES,GREEN_PEPPERS,SPINACH,JALAPENOS,SARDINES
2138865262239787054,November 28, 2015,Wayne,Juan,13769,Broadway,Spring Field,New Cicily,MEAT,CHEESE,PEPPERONI,SAUSAGE,BACON
2138865262239787054,November 28, 2015,Wayne,Juan,13769,Broadway,Spring Field,New Cicily,Stinky,CHEESE,ONIONS,EXTRA_CHEESE,GREEN_PEPPERS,JALAPENOS,SAUSAGE
2138865262239787055,November 28, 2015,Savannah,Connor,18372,Sycamore,Spring Field,New Cicily,MEAT,CHEESE,PEPPERONI,SAUSAGE,BACON
2138865262239787055,November 28, 2015,Savannah,Connor,18372,Sycamore,Spring Field,New Cicily,Spicy MEAT,CHEESE,PEPPERONI,SAUSAGE,BACON,JALAPENOS,JALAPENOS
2138865262239787056,November 28, 2015,Savannah,Jim,25909,Magnolia,Spring Field,New Cicily,MEAT,CHEESE,PEPPERONI,SAUSAGE,BACON
2138865262239787056,November 28, 2015,Savannah,Jim,25909,Magnolia,Spring Field,New Cicily,Stinky,CHEESE,ONIONS,EXTRA_CHEESE,GREEN_PEPPERS,JALAPENOS,SAUSAGE
2138865262239787056,November 28, 2015,Savannah,Jim,25909,Magnolia,Spring Field,New Cicily,Big Green,ONIONS,BLACK_OLIVES,GREEN_PEPPERS,SPINACH,JALAPENOS,SARDINES
2138865262239787057,November 28, 2015,Elijah,Ellie,14806,Fourth,Spring Field,New Cicily,Funky Medina,CHEESE,EXTRA_CHEESE,MUSHROOMS,ONIONS,SAUSAGE,BLACK_OLIVES,SARDINES
2138865262239787058,November 28, 2015,Savannah,Spencer,1575,S 400,Spring Field,New Cicily,Funky Medina,CHEESE,EXTRA_CHEESE,MUSHROOMS,ONIONS,SAUSAGE,BLACK_OLIVES,SARDINES
2138865262239787058,November 28, 2015,Savannah,Spencer,1575,S 400,Spring Field,New Cicily,Stinky,CHEESE,ONIONS,EXTRA_CHEESE,GREEN_PEPPERS,JALAPENOS,SAUSAGE
2138865262239787058,November 28, 2015,Savannah,Spencer,1575,S 400,Spring Field,New Cicily,Stinky,CHEESE,ONIONS,EXTRA_CHEESE,GREEN_PEPPERS,JALAPENOS,SAUSAGE
2138865262239787059,November 28, 2015,Elijah,Jimmy,9784,Wood,Spring Field,New Cicily,Big Green,ONIONS,BLACK_OLIVES,GREEN_PEPPERS,SPINACH,JALAPENOS,SARDINES
2138865262239787059,November 28, 2015,Elijah,Jimmy,9784,Wood,Spring Field,New Cicily,MEAT,CHEESE,PEPPERONI,SAUSAGE,BACON
2138865262239787059,November 28, 2015,Elijah,Jimmy,9784,Wood,Spring Field,New Cicily,Spicy MEAT,CHEESE,PEPPERONI,SAUSAGE,BACON,JALAPENOS,JALAPENOS
2138865262239787060,November 28, 2015,Betty,Crystal,18940,North,Spring Field,New Cicily,Big Green,ONIONS,BLACK_OLIVES,GREEN_PEPPERS,SPINACH,JALAPENOS,SARDINES
2138865262239787060,November 28, 2015,Betty,Crystal,18940,North,Spring Field,New Cicily,Big Green,ONIONS,BLACK_OLIVES,GREEN_PEPPERS,SPINACH,JALAPENOS,SARDINES
2138865262239787061,November 28, 2015,Julie,Sheri,3051,Malulani,Spring Field,New Cicily,Funky Medina,CHEESE,EXTRA_CHEESE,MUSHROOMS,ONIONS,SAUSAGE,BLACK_OLIVES,SARDINES
2138865262239787061,November 28, 2015,Julie,Sheri,3051,Malulani,Spring Field,New Cicily,MEAT,CHEESE,PEPPERONI,SAUSAGE,BACON
2138865262239787062,November 28, 2015,Wayne,Jenna,28804,Airport,Spring Field,New Cicily,Funky Medina,CHEESE,EXTRA_CHEESE,MUSHROOMS,ONIONS,SAUSAGE,BLACK_OLIVES,SARDINES
2138865262239787063,November 28, 2015,Wayne,Oscar,154,Wilson,Spring Field,New Cicily,MEAT,CHEESE,PEPPERONI,SAUSAGE,BACON
2138865262239787064,November 28, 2015,Wayne,Alyssa,17553,Hillside,Spring Field,New Cicily,Big Green,ONIONS,BLACK_OLIVES,GREEN_PEPPERS,SPINACH,JALAPENOS,SARDINES
2138865262239787065,November 29, 2015,Carla,Elizabeth,2205,Fourth,Spring Field,New Cicily,Stinky,CHEESE,ONIONS,EXTRA_CHEESE,GREEN_PEPPERS,JALAPENOS,SAUSAGE
2138865262239787066,November 29, 2015,Betty,Diana,4714,S 100,Spring Field,New Cicily,MEAT,CHEESE,PEPPERONI,SAUSAGE,BACON
2138865262239787066,November 29, 2015,Betty,Diana,4714,S 100,Spring Field,New Cicily,Stinky,CHEESE,ONIONS,EXTRA_CHEESE,GREEN_PEPPERS,JALAPENOS,SAUSAGE
2138865262239787066,November 29, 2015,Betty,Diana,4714,S 100,Spring Field,New Cicily,Stinky,CHEESE,ONIONS,EXTRA_CHEESE,GREEN_PEPPERS,JALAPENOS,SAUSAGE
2138865262239787067,November 29, 2015,Savannah,Louis,3323,Seventh,Spring Field,New Cicily,Spicy MEAT,CHEESE,PEPPERONI,SAUSAGE,BACON,JALAPENOS,JALAPENOS
2138865262239787067,November 29, 2015,Savannah,Louis,3323,Seventh,Spring Field,New Cicily,Stinky,CHEESE,ONIONS,EXTRA_CHEESE,GREEN_PEPPERS,JALAPENOS,SAUSAGE
2138865262239787068,November 29, 2015,Denise,Keith,17124,Malulani,Spring Field,New Cicily,Stinky,CHEESE,ONIONS,EXTRA_CHEESE,GREEN_PEPPERS,JALAPENOS,SAUSAGE
2138865262239787068,November 29, 2015,Denise,Keith,17124,Malulani,Spring Field,New Cicily,Funky Medina,CHEESE,EXTRA_CHEESE,MUSHROOMS,ONIONS,SAUSAGE,BLACK_OLIVES,SARDINES
2138865262239787069,November 29, 2015,Julie,Kristopher,11397,Ridge,Spring Field,New Cicily,Stinky,CHEESE,ONIONS,EXTRA_CHEESE,GREEN_PEPPERS,JALAPENOS,SAUSAGE
2138865262239787069,November 29, 2015,Julie,Kristopher,11397,Ridge,Spring Field,New Cicily,Funky Medina,CHEESE,EXTRA_CHEESE,MUSHROOMS,ONIONS,SAUSAGE,BLACK_OLIVES,SARDINES
2138865262239787069,November 29, 2015,Julie,Kristopher,11397,Ridge,Spring Field,New Cicily,Funky Medina,CHEESE,EXTRA_CHEESE,MUSHROOMS,ONIONS,SAUSAGE,BLACK_OLIVES,SARDINES
2138865262239787070,November 29, 2015,Elijah,Kerry,8088,Narragansett,Spring Field,New Cicily,Big Green,ONIONS,BLACK_OLIVES,GREEN_PEPPERS,SPINACH,JALAPENOS,SARDINES
2138865262239787071,November 29, 2015,Elijah,Timothy,25826,Lake,Spring Field,New Cicily,MEAT,CHEESE,PEPPERONI,SAUSAGE,BACON
2138865262239787071,November 29, 2015,Elijah,Timothy,25826,Lake,Spring Field,New Cicily,MEAT,CHEESE,PEPPERONI,SAUSAGE,BACON
2138865262239787072,November 29, 2015,Denise,Noah,12523,Pleasant,Spring Field,New Cicily,Big Green,ONIONS,BLACK_OLIVES,GREEN_PEPPERS,SPINACH,JALAPENOS,SARDINES
2138865262239787072,November 29, 2015,Denise,Noah,12523,Pleasant,Spring Field,New Cicily,Spicy MEAT,CHEESE,PEPPERONI,SAUSAGE,BACON,JALAPENOS,JALAPENOS
2138865262239787073,November 29, 2015,Wayne,Julie,11345,Cottonwood,Spring Field,New Cicily,MEAT,CHEESE,PEPPERONI,SAUSAGE,BACON
2138865262239787073,November 29, 2015,Wayne,Julie,11345,Cottonwood,Spring Field,New Cicily,Big Green,ONIONS,BLACK_OLIVES,GREEN_PEPPERS,SPINACH,JALAPENOS,SARDINES
2138865262239787074,November 29, 2015,Elijah,Philip,3969,Kahili,Spring Field,New Cicily,Spicy MEAT,CHEESE,PEPPERONI,SAUSAGE,BACON,JALAPENOS,JALAPENOS
2138865262239787074,November 29, 2015,Elijah,Philip,3969,Kahili,Spring Field,New Cicily,Funky Medina,CHEESE,EXTRA_CHEESE,MUSHROOMS,ONIONS,SAUSAGE,BLACK_OLIVES,SARDINES
2138865262239787074,November 29, 2015,Elijah,Philip,3969,Kahili,Spring Field,New Cicily,Funky Medina,CHEESE,EXTRA_CHEESE,MUSHROOMS,ONIONS,SAUSAGE,BLACK_OLIVES,SARDINES
2138865262239787075,November 29, 2015,Elijah,Jerry,15550,Johnson,Spring Field,New Cicily,MEAT,CHEESE,PEPPERONI,SAUSAGE,BACON
2138865262239787075,November 29, 2015,Elijah,Jerry,15550,Johnson,Spring Field,New Cicily,Stinky,CHEESE,ONIONS,EXTRA_CHEESE,GREEN_PEPPERS,JALAPENOS,SAUSAGE
2138865262239787076,November 29, 2015,Julie,Maria,25239,Apache,Spring Field,New Cicily,Funky Medina,CHEESE,EXTRA_CHEESE,MUSHROOMS,ONIONS,SAUSAGE,BLACK_OLIVES,SARDINES
2138865262239787076,November 29, 2015,Julie,Maria,25239,Apache,Spring Field,New Cicily,Funky Medina,CHEESE,EXTRA_CHEESE,MUSHROOMS,ONIONS,SAUSAGE,BLACK_OLIVES,SARDINES
2138865262239787076,November 29, 2015,Julie,Maria,25239,Apache,Spring Field,New Cicily,Funky Medina,CHEESE,EXTRA_CHEESE,MUSHROOMS,ONIONS,SAUSAGE,BLACK_OLIVES,SARDINES
2138865262239787077,November 29, 2015,Julie,Rachel,16217,Willow,Spring Field,New Cicily,Big Green,ONIONS,BLACK_OLIVES,GREEN_PEPPERS,SPINACH,JALAPENOS,SARDINES
2138865262239787077,November 29, 2015,Julie,Rachel,16217,Willow,Spring Field,New Cicily,Funky Medina,CHEESE,EXTRA_CHEESE,MUSHROOMS,ONIONS,SAUSAGE,BLACK_OLIVES,SARDINES
2138865262239787078,November 29, 2015,Denise,Sherry,23705,Hillside,Spring Field,New Cicily,Stinky,CHEESE,ONIONS,EXTRA_CHEESE,GREEN_PEPPERS,JALAPENOS,SAUSAGE
2138865262239787078,November 29, 2015,Denise,Sherry,23705,Hillside,Spring Field,New Cicily,MEAT,CHEESE,PEPPERONI,SAUSAGE,BACON
2138865262239787079,November 29, 2015,Wayne,Bethany,4526,Juniper,Spring Field,New Cicily,Stinky,CHEESE,ONIONS,EXTRA_CHEESE,GREEN_PEPPERS,JALAPENOS,SAUSAGE
2138865262239787079,November 29, 2015,Wayne,Bethany,4526,Juniper,Spring Field,New Cicily,Stinky,CHEESE,ONIONS,EXTRA_CHEESE,GREEN_PEPPERS,JALAPENOS,SAUSAGE
2138865262239787080,November 29, 2015,Savannah,Lucas,22959,Cherry,Spring Field,New Cicily,Funky Medina,CHEESE,EXTRA_CHEESE,MUSHROOMS,ONIONS,SAUSAGE,BLACK_OLIVES,SARDINES
2138865262239787080,November 29, 2015,Savannah,Lucas,22959,Cherry,Spring Field,New Cicily,Spicy MEAT,CHEESE,PEPPERONI,SAUSAGE,BACON,JALAPENOS,JALAPENOS
2138865262239787081,November 29, 2015,Wayne,Micheal,7557,Hampton,Spring Field,New Cicily,Spicy MEAT,CHEESE,PEPPERONI,SAUSAGE,BACON,JALAPENOS,JALAPENOS
2138865262239787081,November 29, 2015,Wayne,Micheal,7557,Hampton,Spring Field,New Cicily,MEAT,CHEESE,PEPPERONI,SAUSAGE,BACON
2138865262239787081,November 29, 2015,Wayne,Micheal,7557,Hampton,Spring Field,New Cicily,Spicy MEAT,CHEESE,PEPPERONI,SAUSAGE,BACON,JALAPENOS,JALAPENOS
2138865262239787082,November 29, 2015,Julie,Eddie,14121,Eighth,Spring Field,New Cicily,Stinky,CHEESE,ONIONS,EXTRA_CHEESE,GREEN_PEPPERS,JALAPENOS,SAUSAGE
2138865262239787082,November 29, 2015,Julie,Eddie,14121,Eighth,Spring Field,New Cicily,Funky Medina,CHEESE,EXTRA_CHEESE,MUSHROOMS,ONIONS,SAUSAGE,BLACK_OLIVES,SARDINES
2138865262239787083,November 29, 2015,Denise,Troy,20539,Evergreen,Spring Field,New Cicily,Stinky,CHEESE,ONIONS,EXTRA_CHEESE,GREEN_PEPPERS,JALAPENOS,SAUSAGE
2138865262239787083,November 29, 2015,Denise,Troy,20539,Evergreen,Spring Field,New Cicily,MEAT,CHEESE,PEPPERONI,SAUSAGE,BACON
2138865262239787084,November 29, 2015,Betty,Logan,23426,S 400,Spring Field,New Cicily,Funky Medina,CHEESE,EXTRA_CHEESE,MUSHROOMS,ONIONS,SAUSAGE,BLACK_OLIVES,SARDINES
2138865262239787085,November 29, 2015,Carla,Kaitlin,26105,Narragansett,Spring Field,New Cicily,Stinky,CHEESE,ONIONS,EXTRA_CHEESE,GREEN_PEPPERS,JALAPENOS,SAUSAGE
2138865262239787085,November 29, 2015,Carla,Kaitlin,26105,Narragansett,Spring Field,New Cicily,Funky Medina,CHEESE,EXTRA_CHEESE,MUSHROOMS,ONIONS,SAUSAGE,BLACK_OLIVES,SARDINES
2138865262239787085,November 29, 2015,Carla,Kaitlin,26105,Narragansett,Spring Field,New Cicily,Big Green,ONIONS,BLACK_OLIVES,GREEN_PEPPERS,SPINACH,JALAPENOS,SARDINES
2138865262239787086,November 29, 2015,Savannah,Ricky,20175,Tenth,Spring Field,New Cicily,Stinky,CHEESE,ONIONS,EXTRA_CHEESE,GREEN_PEPPERS,JALAPENOS,SAUSAGE
2138865262239787086,November 29, 2015,Savannah,Ricky,20175,Tenth,Spring Field,New Cicily,Stinky,CHEESE,ONIONS,EXTRA_CHEESE,GREEN_PEPPERS,JALAPENOS,SAUSAGE
2138865262239787086,November 29, 2015,Savannah,Ricky,20175,Tenth,Spring Field,New Cicily,Spicy MEAT,CHEESE,PEPPERONI,SAUSAGE,BACON,JALAPENOS,JALAPENOS
2138865262239787086,November 29, 2015,Savannah,Ricky,20175,Tenth,Spring Field,New Cicily,Spicy MEAT,CHEESE,PEPPERONI,SAUSAGE,BACON,JALAPENOS,JALAPENOS
2138865262239787087,November 29, 2015,Elijah,Corey,16866,S 100,Spring Field,New Cicily,Big Green,ONIONS,BLACK_OLIVES,GREEN_PEPPERS,SPINACH,JALAPENOS,SARDINES
2138865262239787087,November 29, 2015,Elijah,Corey,16866,S 100,Spring Field,New Cicily,Stinky,CHEESE,ONIONS,EXTRA_CHEESE,GREEN_PEPPERS,JALAPENOS,SAUSAGE
2138865262239787088,November 29, 2015,Julie,Kaitlyn,11909,Dogwood,Spring Field,New Cicily,Stinky,CHEESE,ONIONS,EXTRA_CHEESE,GREEN_PEPPERS,JALAPENOS,SAUSAGE
2138865262239787089,November 29, 2015,Savannah,Tabitha,13597,Sunset,Spring Field,New Cicily,Spicy MEAT,CHEESE,PEPPERONI,SAUSAGE,BACON,JALAPENOS,JALAPENOS
2138865262239787090,November 29, 2015,Denise,Valerie,29685,Delaware,Spring Field,New Cicily,MEAT,CHEESE,PEPPERONI,SAUSAGE,BACON
2138865262239787090,November 29, 2015,Denise,Valerie,29685,Delaware,Spring Field,New Cicily,Big Green,ONIONS,BLACK_OLIVES,GREEN_PEPPERS,SPINACH,JALAPENOS,SARDINES
2138865262239787091,November 29, 2015,Julie,George,14325,Twelfth,Spring Field,New Cicily,Funky Medina,CHEESE,EXTRA_CHEESE,MUSHROOMS,ONIONS,SAUSAGE,BLACK_OLIVES,SARDINES
2138865262239787092,November 29, 2015,Wayne,Mike,24889,Hemlock,Spring Field,New Cicily,Big Green,ONIONS,BLACK_OLIVES,GREEN_PEPPERS,SPINACH,JALAPENOS,SARDINES
2138865262239787092,November 29, 2015,Wayne,Mike,24889,Hemlock,Spring Field,New Cicily,Spicy MEAT,CHEESE,PEPPERONI,SAUSAGE,BACON,JALAPENOS,JALAPENOS
2138865262239787093,November 29, 2015,Wayne,Jenny,1078,Mountain View,Spring Field,New Cicily,Spicy MEAT,CHEESE,PEPPERONI,SAUSAGE,BACON,JALAPENOS,JALAPENOS
2138865262239787093,November 29, 2015,Wayne,Jenny,1078,Mountain View,Spring Field,New Cicily,MEAT,CHEESE,PEPPERONI,SAUSAGE,BACON
2138865262239787094,November 29, 2015,Carla,Janice,16440,Kahili,Spring Field,New Cicily,Funky Medina,CHEESE,EXTRA_CHEESE,MUSHROOMS,ONIONS,SAUSAGE,BLACK_OLIVES,SARDINES
2138865262239787094,November 29, 2015,Carla,Janice,16440,Kahili,Spring Field,New Cicily,Spicy MEAT,CHEESE,PEPPERONI,SAUSAGE,BACON,JALAPENOS,JALAPENOS
2138865262239787095,November 29, 2015,Denise,Paul,9978,Broadway,Spring Field,New Cicily,Spicy MEAT,CHEESE,PEPPERONI,SAUSAGE,BACON,JALAPENOS,JALAPENOS
2138865262239787095,November 29, 2015,Denise,Paul,9978,Broadway,Spring Field,New Cicily,Spicy MEAT,CHEESE,PEPPERONI,SAUSAGE,BACON,JALAPENOS,JALAPENOS
2138865262239787095,November 29, 2015,Denise,Paul,9978,Broadway,Spring Field,New Cicily,Big Green,ONIONS,BLACK_OLIVES,GREEN_PEPPERS,SPINACH,JALAPENOS,SARDINES
2138865262239787095,November 29, 2015,Denise,Paul,9978,Broadway,Spring Field,New Cicily,Stinky,CHEESE,ONIONS,EXTRA_CHEESE,GREEN_PEPPERS,JALAPENOS,SAUSAGE
2138865262239787096,November 29, 2015,Elijah,Leslie,14101,County Line,Spring Field,New Cicily,Funky Medina,CHEESE,EXTRA_CHEESE,MUSHROOMS,ONIONS,SAUSAGE,BLACK_OLIVES,SARDINES
2138865262239787096,November 29, 2015,Elijah,Leslie,14101,County Line,Spring Field,New Cicily,Big Green,ONIONS,BLACK_OLIVES,GREEN_PEPPERS,SPINACH,JALAPENOS,SARDINES
2138865262239787096,November 29, 2015,Elijah,Leslie,14101,County Line,Spring Field,New Cicily,MEAT,CHEESE,PEPPERONI,SAUSAGE,BACON
2138865262239787097,November 29, 2015,Savannah,Zoe,27057,A,Spring Field,New Cicily,Spicy MEAT,CHEESE,PEPPERONI,SAUSAGE,BACON,JALAPENOS,JALAPENOS
2138865262239787097,November 29, 2015,Savannah,Zoe,27057,A,Spring Field,New Cicily,MEAT,CHEESE,PEPPERONI,SAUSAGE,BACON
2138865262239787097,November 29, 2015,Savannah,Zoe,27057,A,Spring Field,New Cicily,MEAT,CHEESE,PEPPERONI,SAUSAGE,BACON
2138865262239787097,November 29, 2015,Savannah,Zoe,27057,A,Spring Field,New Cicily,Funky Medina,CHEESE,EXTRA_CHEESE,MUSHROOMS,ONIONS,SAUSAGE,BLACK_OLIVES,SARDINES
2138865262239787098,November 29, 2015,Wayne,Julie,4409,Smith,Spring Field,New Cicily,MEAT,CHEESE,PEPPERONI,SAUSAGE,BACON
2138865262239787098,November 29, 2015,Wayne,Julie,4409,Smith,Spring Field,New Cicily,Stinky,CHEESE,ONIONS,EXTRA_CHEESE,GREEN_PEPPERS,JALAPENOS,SAUSAGE
2138865262239787098,November 29, 2015,Wayne,Julie,4409,Smith,Spring Field,New Cicily,MEAT,CHEESE,PEPPERONI,SAUSAGE,BACON
2138865262239787099,November 29, 2015,Wayne,Melanie,12131,Kansas,Spring Field,New Cicily,Big Green,ONIONS,BLACK_OLIVES,GREEN_PEPPERS,SPINACH,JALAPENOS,SARDINES
2138865262239787099,November 29, 2015,Wayne,Melanie,12131,Kansas,Spring Field,New Cicily,Funky Medina,CHEESE,EXTRA_CHEESE,MUSHROOMS,ONIONS,SAUSAGE,BLACK_OLIVES,SARDINES
2138865262239787099,November 29, 2015,Wayne,Melanie,12131,Kansas,Spring Field,New Cicily,Stinky,CHEESE,ONIONS,EXTRA_CHEESE,GREEN_PEPPERS,JALAPENOS,SAUSAGE
2138865262239787099,November 29, 2015,Wayne,Melanie,12131,Kansas,Spring Field,New Cicily,Big Green,ONIONS,BLACK_OLIVES,GREEN_PEPPERS,SPINACH,JALAPENOS,SARDINES
2138865262239787100,November 29, 2015,Julie,Gina,22234,Spruce,Spring Field,New Cicily,Stinky,CHEESE,ONIONS,EXTRA_CHEESE,GREEN_PEPPERS,JALAPENOS,SAUSAGE
2138865262239787100,November 29, 2015,Julie,Gina,22234,Spruce,Spring Field,New Cicily,Stinky,CHEESE,ONIONS,EXTRA_CHEESE,GREEN_PEPPERS,JALAPENOS,SAUSAGE
2138865262239787101,November 29, 2015,Savannah,Darius,20909,Church,Spring Field,New Cicily,Funky Medina,CHEESE,EXTRA_CHEESE,MUSHROOMS,ONIONS,SAUSAGE,BLACK_OLIVES,SARDINES
2138865262239787101,November 29, 2015,Savannah,Darius,20909,Church,Spring Field,New Cicily,Funky Medina,CHEESE,EXTRA_CHEESE,MUSHROOMS,ONIONS,SAUSAGE,BLACK_OLIVES,SARDINES
2138865262239787102,November 29, 2015,Denise,George,12425,Center,Spring Field,New Cicily,Spicy MEAT,CHEESE,PEPPERONI,SAUSAGE,BACON,JALAPENOS,JALAPENOS
2138865262239787102,November 29, 2015,Denise,George,12425,Center,Spring Field,New Cicily,Big Green,ONIONS,BLACK_OLIVES,GREEN_PEPPERS,SPINACH,JALAPENOS,SARDINES
2138865262239787103,November 29, 2015,Savannah,Fernando,19578,Bay,Spring Field,New Cicily,MEAT,CHEESE,PEPPERONI,SAUSAGE,BACON
2138865262239787103,November 29, 2015,Savannah,Fernando,19578,Bay,Spring Field,New Cicily,Spicy MEAT,CHEESE,PEPPERONI,SAUSAGE,BACON,JALAPENOS,JALAPENOS
2138865262239787104,November 29, 2015,Savannah,Edwin,16702,Eighth,Spring Field,New Cicily,Stinky,CHEESE,ONIONS,EXTRA_CHEESE,GREEN_PEPPERS,JALAPENOS,SAUSAGE
2138865262239787104,November 29, 2015,Savannah,Edwin,16702,Eighth,Spring Field,New Cicily,Funky Medina,CHEESE,EXTRA_CHEESE,MUSHROOMS,ONIONS,SAUSAGE,BLACK_OLIVES,SARDINES
2138865262239787105,November 29, 2015,Betty,Courtney,1156,N 400,Spring Field,New Cicily,MEAT,CHEESE,PEPPERONI,SAUSAGE,BACON
2138865262239787106,November 29, 2015,Wayne,Joy,16861,Kansas,Spring Field,New Cicily,Funky Medina,CHEESE,EXTRA_CHEESE,MUSHROOMS,ONIONS,SAUSAGE,BLACK_OLIVES,SARDINES
2138865262239787106,November 29, 2015,Wayne,Joy,16861,Kansas,Spring Field,New Cicily,Spicy MEAT,CHEESE,PEPPERONI,SAUSAGE,BACON,JALAPENOS,JALAPENOS
2138865262239787107,November 29, 2015,Wayne,Martin,12787,Columbine,Spring Field,New Cicily,Spicy MEAT,CHEESE,PEPPERONI,SAUSAGE,BACON,JALAPENOS,JALAPENOS
2138865262239787107,November 29, 2015,Wayne,Martin,12787,Columbine,Spring Field,New Cicily,MEAT,CHEESE,PEPPERONI,SAUSAGE,BACON
2138865262239787108,November 29, 2015,Elijah,Veronica,5266,Palo Verde,Spring Field,New Cicily,Funky Medina,CHEESE,EXTRA_CHEESE,MUSHROOMS,ONIONS,SAUSAGE,BLACK_OLIVES,SARDINES
2138865262239787109,November 29, 2015,Elijah,Earl,20550,Thirteenth,Spring Field,New Cicily,Stinky,CHEESE,ONIONS,EXTRA_CHEESE,GREEN_PEPPERS,JALAPENOS,SAUSAGE
2138865262239787109,November 29, 2015,Elijah,Earl,20550,Thirteenth,Spring Field,New Cicily,Funky Medina,CHEESE,EXTRA_CHEESE,MUSHROOMS,ONIONS,SAUSAGE,BLACK_OLIVES,SARDINES
2138865262239787110,November 30, 2015,Betty,Pamela,16743,Hampton,Spring Field,New Cicily,Funky Medina,CHEESE,EXTRA_CHEESE,MUSHROOMS,ONIONS,SAUSAGE,BLACK_OLIVES,SARDINES
2138865262239787110,November 30, 2015,Betty,Pamela,16743,Hampton,Spring Field,New Cicily,Big Green,ONIONS,BLACK_OLIVES,GREEN_PEPPERS,SPINACH,JALAPENOS,SARDINES
2138865262239787111,November 30, 2015,Elijah,Allan,19567,Fourth,Spring Field,New Cicily,MEAT,CHEESE,PEPPERONI,SAUSAGE,BACON
2138865262239787111,November 30, 2015,Elijah,Allan,19567,Fourth,Spring Field,New Cicily,Big Green,ONIONS,BLACK_OLIVES,GREEN_PEPPERS,SPINACH,JALAPENOS,SARDINES
2138865262239787111,November 30, 2015,Elijah,Allan,19567,Fourth,Spring Field,New Cicily,Stinky,CHEESE,ONIONS,EXTRA_CHEESE,GREEN_PEPPERS,JALAPENOS,SAUSAGE
2138865262239787112,November 30, 2015,Savannah,Gerald,713,A,Spring Field,New Cicily,MEAT,CHEESE,PEPPERONI,SAUSAGE,BACON
2138865262239787112,November 30, 2015,Savannah,Gerald,713,A,Spring Field,New Cicily,Spicy MEAT,CHEESE,PEPPERONI,SAUSAGE,BACON,JALAPENOS,JALAPENOS
2138865262239787113,November 30, 2015,Jerry,Becky,15160,Sycamore,Spring Field,New Cicily,Big Green,ONIONS,BLACK_OLIVES,GREEN_PEPPERS,SPINACH,JALAPENOS,SARDINES
2138865262239787113,November 30, 2015,Jerry,Becky,15160,Sycamore,Spring Field,New Cicily,MEAT,CHEESE,PEPPERONI,SAUSAGE,BACON
2138865262239787114,November 30, 2015,Denise,Todd,308,Eleventh,Spring Field,New Cicily,Funky Medina,CHEESE,EXTRA_CHEESE,MUSHROOMS,ONIONS,SAUSAGE,BLACK_OLIVES,SARDINES
2138865262239787114,November 30, 2015,Denise,Todd,308,Eleventh,Spring Field,New Cicily,Funky Medina,CHEESE,EXTRA_CHEESE,MUSHROOMS,ONIONS,SAUSAGE,BLACK_OLIVES,SARDINES
2138865262239787114,November 30, 2015,Denise,Todd,308,Eleventh,Spring Field,New Cicily,Spicy MEAT,CHEESE,PEPPERONI,SAUSAGE,BACON,JALAPENOS,JALAPENOS
2138865262239787115,November 30, 2015,Betty,Nichole,16435,Pine,Spring Field,New Cicily,Stinky,CHEESE,ONIONS,EXTRA_CHEESE,GREEN_PEPPERS,JALAPENOS,SAUSAGE
2138865262239787115,November 30, 2015,Betty,Nichole,16435,Pine,Spring Field,New Cicily,Big Green,ONIONS,BLACK_OLIVES,GREEN_PEPPERS,SPINACH,JALAPENOS,SARDINES
2138865262239787116,November 30, 2015,Elijah,Angie,16211,Evergreen,Spring Field,New Cicily,MEAT,CHEESE,PEPPERONI,SAUSAGE,BACON
2138865262239787117,November 30, 2015,Betty,Lindsay,15604,Shore,Spring Field,New Cicily,MEAT,CHEESE,PEPPERONI,SAUSAGE,BACON
2138865262239787117,November 30, 2015,Betty,Lindsay,15604,Shore,Spring Field,New Cicily,Spicy MEAT,CHEESE,PEPPERONI,SAUSAGE,BACON,JALAPENOS,JALAPENOS
2138865262239787117,November 30, 2015,Betty,Lindsay,15604,Shore,Spring Field,New Cicily,MEAT,CHEESE,PEPPERONI,SAUSAGE,BACON
2138865262239787118,November 30, 2015,Jerry,Brady,12700,Kansas,Spring Field,New Cicily,MEAT,CHEESE,PEPPERONI,SAUSAGE,BACON
2138865262239787118,November 30, 2015,Jerry,Brady,12700,Kansas,Spring Field,New Cicily,MEAT,CHEESE,PEPPERONI,SAUSAGE,BACON
2138865262239787118,November 30, 2015,Jerry,Brady,12700,Kansas,Spring Field,New Cicily,Big Green,ONIONS,BLACK_OLIVES,GREEN_PEPPERS,SPINACH,JALAPENOS,SARDINES
2138865262239787118,November 30, 2015,Jerry,Brady,12700,Kansas,Spring Field,New Cicily,Funky Medina,CHEESE,EXTRA_CHEESE,MUSHROOMS,ONIONS,SAUSAGE,BLACK_OLIVES,SARDINES
2138865262239787119,November 30, 2015,Wayne,Ernest,10400,Broadway,Spring Field,New Cicily,Stinky,CHEESE,ONIONS,EXTRA_CHEESE,GREEN_PEPPERS,JALAPENOS,SAUSAGE
2138865262239787119,November 30, 2015,Wayne,Ernest,10400,Broadway,Spring Field,New Cicily,Spicy MEAT,CHEESE,PEPPERONI,SAUSAGE,BACON,JALAPENOS,JALAPENOS
2138865262239787120,November 30, 2015,Julie,Nicholas,7376,Fourth,Spring Field,New Cicily,Big Green,ONIONS,BLACK_OLIVES,GREEN_PEPPERS,SPINACH,JALAPENOS,SARDINES
2138865262239787120,November 30, 2015,Julie,Nicholas,7376,Fourth,Spring Field,New Cicily,MEAT,CHEESE,PEPPERONI,SAUSAGE,BACON
2138865262239787120,November 30, 2015,Julie,Nicholas,7376,Fourth,Spring Field,New Cicily,MEAT,CHEESE,PEPPERONI,SAUSAGE,BACON
2138865262239787121,November 30, 2015,Wayne,Rebecca,12331,Sunset,Spring Field,New Cicily,MEAT,CHEESE,PEPPERONI,SAUSAGE,BACON
2138865262239787121,November 30, 2015,Wayne,Rebecca,12331,Sunset,Spring Field,New Cicily,Stinky,CHEESE,ONIONS,EXTRA_CHEESE,GREEN_PEPPERS,JALAPENOS,SAUSAGE
2138865262239787121,November 30, 2015,Wayne,Rebecca,12331,Sunset,Spring Field,New Cicily,Stinky,CHEESE,ONIONS,EXTRA_CHEESE,GREEN_PEPPERS,JALAPENOS,SAUSAGE
2138865262239787122,November 30, 2015,Denise,Lillian,19029,Kahili,Spring Field,New Cicily,Funky Medina,CHEESE,EXTRA_CHEESE,MUSHROOMS,ONIONS,SAUSAGE,BLACK_OLIVES,SARDINES
2138865262239787122,November 30, 2015,Denise,Lillian,19029,Kahili,Spring Field,New Cicily,MEAT,CHEESE,PEPPERONI,SAUSAGE,BACON
2138865262239787122,November 30, 2015,Denise,Lillian,19029,Kahili,Spring Field,New Cicily,MEAT,CHEESE,PEPPERONI,SAUSAGE,BACON
2138865262239787123,November 30, 2015,Julie,Teresa,1031,A,Spring Field,New Cicily,MEAT,CHEESE,PEPPERONI,SAUSAGE,BACON
2138865262239787123,November 30, 2015,Julie,Teresa,1031,A,Spring Field,New Cicily,Spicy MEAT,CHEESE,PEPPERONI,SAUSAGE,BACON,JALAPENOS,JALAPENOS
2138865262239787123,November 30, 2015,Julie,Teresa,1031,A,Spring Field,New Cicily,Funky Medina,CHEESE,EXTRA_CHEESE,MUSHROOMS,ONIONS,SAUSAGE,BLACK_OLIVES,SARDINES
2138865262239787124,November 30, 2015,Elijah,Sherri,8734,Narragansett,Spring Field,New Cicily,Funky Medina,CHEESE,EXTRA_CHEESE,MUSHROOMS,ONIONS,SAUSAGE,BLACK_OLIVES,SARDINES
2138865262239787124,November 30, 2015,Elijah,Sherri,8734,Narragansett,Spring Field,New Cicily,MEAT,CHEESE,PEPPERONI,SAUSAGE,BACON
2138865262239787124,November 30, 2015,Elijah,Sherri,8734,Narragansett,Spring Field,New Cicily,MEAT,CHEESE,PEPPERONI,SAUSAGE,BACON
2138865262239787124,November 30, 2015,Elijah,Sherri,8734,Narragansett,Spring Field,New Cicily,Spicy MEAT,CHEESE,PEPPERONI,SAUSAGE,BACON,JALAPENOS,JALAPENOS
2138865262239787125,November 30, 2015,Jerry,Jason,6680,Navajo,Spring Field,New Cicily,Spicy MEAT,CHEESE,PEPPERONI,SAUSAGE,BACON,JALAPENOS,JALAPENOS
2138865262239787125,November 30, 2015,Jerry,Jason,6680,Navajo,Spring Field,New Cicily,Stinky,CHEESE,ONIONS,EXTRA_CHEESE,GREEN_PEPPERS,JALAPENOS,SAUSAGE
2138865262239787125,November 30, 2015,Jerry,Jason,6680,Navajo,Spring Field,New Cicily,Stinky,CHEESE,ONIONS,EXTRA_CHEESE,GREEN_PEPPERS,JALAPENOS,SAUSAGE
2138865262239787126,November 30, 2015,Elijah,Gregory,1843,Meadow,Spring Field,New Cicily,MEAT,CHEESE,PEPPERONI,SAUSAGE,BACON
2138865262239787126,November 30, 2015,Elijah,Gregory,1843,Meadow,Spring Field,New Cicily,Spicy MEAT,CHEESE,PEPPERONI,SAUSAGE,BACON,JALAPENOS,JALAPENOS
2138865262239787127,November 30, 2015,Jerry,Bailey,14183,Holly,Spring Field,New Cicily,Big Green,ONIONS,BLACK_OLIVES,GREEN_PEPPERS,SPINACH,JALAPENOS,SARDINES
2138865262239787127,November 30, 2015,Jerry,Bailey,14183,Holly,Spring Field,New Cicily,Funky Medina,CHEESE,EXTRA_CHEESE,MUSHROOMS,ONIONS,SAUSAGE,BLACK_OLIVES,SARDINES
2138865262239787127,November 30, 2015,Jerry,Bailey,14183,Holly,Spring Field,New Cicily,Spicy MEAT,CHEESE,PEPPERONI,SAUSAGE,BACON,JALAPENOS,JALAPENOS
2138865262239787128,November 30, 2015,Wayne,Nicholas,5445,Narragansett,Spring Field,New Cicily,Spicy MEAT,CHEESE,PEPPERONI,SAUSAGE,BACON,JALAPENOS,JALAPENOS
2138865262239787128,November 30, 2015,Wayne,Nicholas,5445,Narragansett,Spring Field,New Cicily,Stinky,CHEESE,ONIONS,EXTRA_CHEESE,GREEN_PEPPERS,JALAPENOS,SAUSAGE
2138865262239787128,November 30, 2015,Wayne,Nicholas,5445,Narragansett,Spring Field,New Cicily,Stinky,CHEESE,ONIONS,EXTRA_CHEESE,GREEN_PEPPERS,JALAPENOS,SAUSAGE
2138865262239787129,November 30, 2015,Betty,Pamela,25045,Aloha,Spring Field,New Cicily,MEAT,CHEESE,PEPPERONI,SAUSAGE,BACON
2138865262239787130,November 30, 2015,Savannah,Vivian,6693,Seventh,Spring Field,New Cicily,Stinky,CHEESE,ONIONS,EXTRA_CHEESE,GREEN_PEPPERS,JALAPENOS,SAUSAGE
2138865262239787130,November 30, 2015,Savannah,Vivian,6693,Seventh,Spring Field,New Cicily,Stinky,CHEESE,ONIONS,EXTRA_CHEESE,GREEN_PEPPERS,JALAPENOS,SAUSAGE
2138865262239787130,November 30, 2015,Savannah,Vivian,6693,Seventh,Spring Field,New Cicily,Spicy MEAT,CHEESE,PEPPERONI,SAUSAGE,BACON,JALAPENOS,JALAPENOS
2138865262239787131,November 30, 2015,Wayne,Vivian,26851,Columbine,Spring Field,New Cicily,Funky Medina,CHEESE,EXTRA_CHEESE,MUSHROOMS,ONIONS,SAUSAGE,BLACK_OLIVES,SARDINES
2138865262239787131,November 30, 2015,Wayne,Vivian,26851,Columbine,Spring Field,New Cicily,Stinky,CHEESE,ONIONS,EXTRA_CHEESE,GREEN_PEPPERS,JALAPENOS,SAUSAGE
2138865262239787131,November 30, 2015,Wayne,Vivian,26851,Columbine,Spring Field,New Cicily,Spicy MEAT,CHEESE,PEPPERONI,SAUSAGE,BACON,JALAPENOS,JALAPENOS
2138865262239787132,November 30, 2015,Elijah,Eileen,9855,Pioneer,Spring Field,New Cicily,Funky Medina,CHEESE,EXTRA_CHEESE,MUSHROOMS,ONIONS,SAUSAGE,BLACK_OLIVES,SARDINES
2138865262239787132,November 30, 2015,Elijah,Eileen,9855,Pioneer,Spring Field,New Cicily,MEAT,CHEESE,PEPPERONI,SAUSAGE,BACON
2138865262239787132,November 30, 2015,Elijah,Eileen,9855,Pioneer,Spring Field,New Cicily,MEAT,CHEESE,PEPPERONI,SAUSAGE,BACON
2138865262239787133,November 30, 2015,Jerry,June,8568,N 400,Spring Field,New Cicily,Funky Medina,CHEESE,EXTRA_CHEESE,MUSHROOMS,ONIONS,SAUSAGE,BLACK_OLIVES,SARDINES
2138865262239787134,November 30, 2015,Julie,Arnold,3617,West,Spring Field,New Cicily,Stinky,CHEESE,ONIONS,EXTRA_CHEESE,GREEN_PEPPERS,JALAPENOS,SAUSAGE
2138865262239787135,November 30, 2015,Elijah,Rita,17974,Washington,Spring Field,New Cicily,MEAT,CHEESE,PEPPERONI,SAUSAGE,BACON
2138865262239787135,November 30, 2015,Elijah,Rita,17974,Washington,Spring Field,New Cicily,Stinky,CHEESE,ONIONS,EXTRA_CHEESE,GREEN_PEPPERS,JALAPENOS,SAUSAGE
2138865262239787135,November 30, 2015,Elijah,Rita,17974,Washington,Spring Field,New Cicily,MEAT,CHEESE,PEPPERONI,SAUSAGE,BACON
2138865262239787136,November 30, 2015,Julie,Andrea,25804,Willow,Spring Field,New Cicily,Big Green,ONIONS,BLACK_OLIVES,GREEN_PEPPERS,SPINACH,JALAPENOS,SARDINES
2138865262239787136,November 30, 2015,Julie,Andrea,25804,Willow,Spring Field,New Cicily,MEAT,CHEESE,PEPPERONI,SAUSAGE,BACON
2138865262239787137,November 30, 2015,Savannah,Cheryl,167,County Line,Spring Field,New Cicily,Spicy MEAT,CHEESE,PEPPERONI,SAUSAGE,BACON,JALAPENOS,JALAPENOS
2138865262239787137,November 30, 2015,Savannah,Cheryl,167,County Line,Spring Field,New Cicily,Funky Medina,CHEESE,EXTRA_CHEESE,MUSHROOMS,ONIONS,SAUSAGE,BLACK_OLIVES,SARDINES
2138865262239787138,November 30, 2015,Betty,Judith,12083,Wilson,Spring Field,New Cicily,Funky Medina,CHEESE,EXTRA_CHEESE,MUSHROOMS,ONIONS,SAUSAGE,BLACK_OLIVES,SARDINES
2138865262239787139,November 30, 2015,Savannah,Patricia,14757,Elm,Spring Field,New Cicily,Spicy MEAT,CHEESE,PEPPERONI,SAUSAGE,BACON,JALAPENOS,JALAPENOS
2138865262239787139,November 30, 2015,Savannah,Patricia,14757,Elm,Spring Field,New Cicily,Funky Medina,CHEESE,EXTRA_CHEESE,MUSHROOMS,ONIONS,SAUSAGE,BLACK_OLIVES,SARDINES
2138865262239787140,November 30, 2015,Julie,Brian,26130,Aspen,Spring Field,New Cicily,Big Green,ONIONS,BLACK_OLIVES,GREEN_PEPPERS,SPINACH,JALAPENOS,SARDINES
2138865262239787140,November 30, 2015,Julie,Brian,26130,Aspen,Spring Field,New Cicily,Big Green,ONIONS,BLACK_OLIVES,GREEN_PEPPERS,SPINACH,JALAPENOS,SARDINES
2138865262239787140,November 30, 2015,Julie,Brian,26130,Aspen,Spring Field,New Cicily,Spicy MEAT,CHEESE,PEPPERONI,SAUSAGE,BACON,JALAPENOS,JALAPENOS
2138865262239787141,November 30, 2015,Wayne,Katherine,23423,First,Spring Field,New Cicily,Big Green,ONIONS,BLACK_OLIVES,GREEN_PEPPERS,SPINACH,JALAPENOS,SARDINES
2138865262239787141,November 30, 2015,Wayne,Katherine,23423,First,Spring Field,New Cicily,Funky Medina,CHEESE,EXTRA_CHEESE,MUSHROOMS,ONIONS,SAUSAGE,BLACK_OLIVES,SARDINES
2138865262239787141,November 30, 2015,Wayne,Katherine,23423,First,Spring Field,New Cicily,MEAT,CHEESE,PEPPERONI,SAUSAGE,BACON
2138865262239787142,November 30, 2015,Savannah,Lillian,1554,Apache,Spring Field,New Cicily,Funky Medina,CHEESE,EXTRA_CHEESE,MUSHROOMS,ONIONS,SAUSAGE,BLACK_OLIVES,SARDINES
2138865262239787143,November 30, 2015,Elijah,Marie,7137,Walnut,Spring Field,New Cicily,Big Green,ONIONS,BLACK_OLIVES,GREEN_PEPPERS,SPINACH,JALAPENOS,SARDINES
2138865262239787143,November 30, 2015,Elijah,Marie,7137,Walnut,Spring Field,New Cicily,Spicy MEAT,CHEESE,PEPPERONI,SAUSAGE,BACON,JALAPENOS,JALAPENOS
2138865262239787144,November 30, 2015,Betty,Sandra,29216,Aspen,Spring Field,New Cicily,Big Green,ONIONS,BLACK_OLIVES,GREEN_PEPPERS,SPINACH,JALAPENOS,SARDINES
2138865262239787144,November 30, 2015,Betty,Sandra,29216,Aspen,Spring Field,New Cicily,Spicy MEAT,CHEESE,PEPPERONI,SAUSAGE,BACON,JALAPENOS,JALAPENOS
2138865262239787144,November 30, 2015,Betty,Sandra,29216,Aspen,Spring Field,New Cicily,Spicy MEAT,CHEESE,PEPPERONI,SAUSAGE,BACON,JALAPENOS,JALAPENOS
2138865262239787145,November 30, 2015,Julie,Felicia,25036,Pioneer,Spring Field,New Cicily,Funky Medina,CHEESE,EXTRA_CHEESE,MUSHROOMS,ONIONS,SAUSAGE,BLACK_OLIVES,SARDINES
2138865262239787146,November 30, 2015,Jerry,Claudia,24564,Fourth,Spring Field,New Cicily,Big Green,ONIONS,BLACK_OLIVES,GREEN_PEPPERS,SPINACH,JALAPENOS,SARDINES
2138865262239787146,November 30, 2015,Jerry,Claudia,24564,Fourth,Spring Field,New Cicily,Funky Medina,CHEESE,EXTRA_CHEESE,MUSHROOMS,ONIONS,SAUSAGE,BLACK_OLIVES,SARDINES
2138865262239787146,November 30, 2015,Jerry,Claudia,24564,Fourth,Spring Field,New Cicily,MEAT,CHEESE,PEPPERONI,SAUSAGE,BACON
2138865262239787146,November 30, 2015,Jerry,Claudia,24564,Fourth,Spring Field,New Cicily,MEAT,CHEESE,PEPPERONI,SAUSAGE,BACON
2138865262239787147,November 30, 2015,Savannah,Fernando,15244,Tenth,Spring Field,New Cicily,MEAT,CHEESE,PEPPERONI,SAUSAGE,BACON
2138865262239787147,November 30, 2015,Savannah,Fernando,15244,Tenth,Spring Field,New Cicily,MEAT,CHEESE,PEPPERONI,SAUSAGE,BACON
2138865262239787148,November 30, 2015,Denise,Robin,15865,Broadway,Spring Field,New Cicily,Funky Medina,CHEESE,EXTRA_CHEESE,MUSHROOMS,ONIONS,SAUSAGE,BLACK_OLIVES,SARDINES
2138865262239787148,November 30, 2015,Denise,Robin,15865,Broadway,Spring Field,New Cicily,Stinky,CHEESE,ONIONS,EXTRA_CHEESE,GREEN_PEPPERS,JALAPENOS,SAUSAGE
2138865262239787149,November 30, 2015,Elijah,Geoffrey,6025,Pioneer,Spring Field,New Cicily,Big Green,ONIONS,BLACK_OLIVES,GREEN_PEPPERS,SPINACH,JALAPENOS,SARDINES
2138865262239787149,November 30, 2015,Elijah,Geoffrey,6025,Pioneer,Spring Field,New Cicily,MEAT,CHEESE,PEPPERONI,SAUSAGE,BACON
2138865262239787150,November 30, 2015,Savannah,Gwendolyn,3728,Eleventh,Spring Field,New Cicily,Stinky,CHEESE,ONIONS,EXTRA_CHEESE,GREEN_PEPPERS,JALAPENOS,SAUSAGE
2138865262239787150,November 30, 2015,Savannah,Gwendolyn,3728,Eleventh,Spring Field,New Cicily,Big Green,ONIONS,BLACK_OLIVES,GREEN_PEPPERS,SPINACH,JALAPENOS,SARDINES
2138865262239787151,November 30, 2015,Denise,Nancy,18326,Hill,Spring Field,New Cicily,Spicy MEAT,CHEESE,PEPPERONI,SAUSAGE,BACON,JALAPENOS,JALAPENOS
2138865262239787151,November 30, 2015,Denise,Nancy,18326,Hill,Spring Field,New Cicily,MEAT,CHEESE,PEPPERONI,SAUSAGE,BACON
2138865262239787152,November 30, 2015,Savannah,William,28826,Magnolia,Spring Field,New Cicily,Spicy MEAT,CHEESE,PEPPERONI,SAUSAGE,BACON,JALAPENOS,JALAPENOS
2138865262239787152,November 30, 2015,Savannah,William,28826,Magnolia,Spring Field,New Cicily,Spicy MEAT,CHEESE,PEPPERONI,SAUSAGE,BACON,JALAPENOS,JALAPENOS
2138865262239787153,November 30, 2015,Wayne,Kayla,10103,Eleventh,Spring Field,New Cicily,Spicy MEAT,CHEESE,PEPPERONI,SAUSAGE,BACON,JALAPENOS,JALAPENOS
2138865262239787153,November 30, 2015,Wayne,Kayla,10103,Eleventh,Spring Field,New Cicily,Funky Medina,CHEESE,EXTRA_CHEESE,MUSHROOMS,ONIONS,SAUSAGE,BLACK_OLIVES,SARDINES
2138865262239787154,November 30, 2015,Carla,Darryl,15441,Johnson,Spring Field,New Cicily,Spicy MEAT,CHEESE,PEPPERONI,SAUSAGE,BACON,JALAPENOS,JALAPENOS
2138865262239787154,November 30, 2015,Carla,Darryl,15441,Johnson,Spring Field,New Cicily,Stinky,CHEESE,ONIONS,EXTRA_CHEESE,GREEN_PEPPERS,JALAPENOS,SAUSAGE
2138865262239787154,November 30, 2015,Carla,Darryl,15441,Johnson,Spring Field,New Cicily,Big Green,ONIONS,BLACK_OLIVES,GREEN_PEPPERS,SPINACH,JALAPENOS,SARDINES
2138865262239787154,November 30, 2015,Carla,Darryl,15441,Johnson,Spring Field,New Cicily,Big Green,ONIONS,BLACK_OLIVES,GREEN_PEPPERS,SPINACH,JALAPENOS,SARDINES
2138865262239787155,November 30, 2015,Betty,Jared,13874,Sycamore,Spring Field,New Cicily,Funky Medina,CHEESE,EXTRA_CHEESE,MUSHROOMS,ONIONS,SAUSAGE,BLACK_OLIVES,SARDINES
2138865262239787156,November 30, 2015,Betty,Amanda,6098,Thirteenth,Spring Field,New Cicily,Funky Medina,CHEESE,EXTRA_CHEESE,MUSHROOMS,ONIONS,SAUSAGE,BLACK_OLIVES,SARDINES
2138865262239787156,November 30, 2015,Betty,Amanda,6098,Thirteenth,Spring Field,New Cicily,Spicy MEAT,CHEESE,PEPPERONI,SAUSAGE,BACON,JALAPENOS,JALAPENOS
2138865262239787157,November 30, 2015,Betty,Jack,20067,Broadway,Spring Field,New Cicily,MEAT,CHEESE,PEPPERONI,SAUSAGE,BACON
2138865262239787157,November 30, 2015,Betty,Jack,20067,Broadway,Spring Field,New Cicily,Spicy MEAT,CHEESE,PEPPERONI,SAUSAGE,BACON,JALAPENOS,JALAPENOS
